Date,Open,High,Low,Close,Volume,Dividends,Stock Splits
2012-03-13 00:00:00-04:00,18.0,18.0,18.0,18.0,600,0.0,0.0
2012-03-14 00:00:00-04:00,18.0,19.200000762939453,18.0,19.079999923706055,13600,0.0,0.0
2012-03-15 00:00:00-04:00,19.440000534057617,19.799999237060547,18.600000381469727,19.799999237060547,52717,0.0,0.0
2012-03-16 00:00:00-04:00,19.799999237060547,19.799999237060547,18.600000381469727,19.799999237060547,29200,0.0,0.0
2012-03-19 00:00:00-04:00,19.799999237060547,19.920000076293945,18.600000381469727,19.559999465942383,34575,0.0,0.0
2012-03-20 00:00:00-04:00,19.200000762939453,19.920000076293945,18.600000381469727,19.559999465942383,20467,0.0,0.0
2012-03-21 00:00:00-04:00,19.68000030517578,19.799999237060547,18.600000381469727,19.200000762939453,7475,0.0,0.0
2012-03-22 00:00:00-04:00,19.200000762939453,19.200000762939453,16.799999237060547,17.040000915527344,13542,0.0,0.0
2012-03-23 00:00:00-04:00,17.040000915527344,17.8799991607666,13.199999809265137,17.8799991607666,6725,0.0,0.0
2012-03-26 00:00:00-04:00,17.8799991607666,18.600000381469727,17.399999618530273,17.639999389648438,8908,0.0,0.0
2012-03-27 00:00:00-04:00,17.399999618530273,18.600000381469727,17.399999618530273,17.8799991607666,2975,0.0,0.0
2012-03-28 00:00:00-04:00,17.8799991607666,17.8799991607666,16.799999237060547,16.799999237060547,3125,0.0,0.0
2012-03-29 00:00:00-04:00,16.920000076293945,17.399999618530273,16.920000076293945,17.399999618530273,1792,0.0,0.0
2012-03-30 00:00:00-04:00,17.399999618530273,17.399999618530273,16.799999237060547,16.799999237060547,3342,0.0,0.0
2012-04-02 00:00:00-04:00,17.399999618530273,17.8799991607666,15.960000038146973,17.399999618530273,1933,0.0,0.0
2012-04-03 00:00:00-04:00,17.399999618530273,17.399999618530273,16.799999237060547,17.399999618530273,1225,0.0,0.0
2012-04-04 00:00:00-04:00,17.040000915527344,17.399999618530273,16.920000076293945,17.399999618530273,1375,0.0,0.0
2012-04-05 00:00:00-04:00,17.399999618530273,17.399999618530273,16.920000076293945,17.280000686645508,1083,0.0,0.0
2012-04-09 00:00:00-04:00,17.399999618530273,17.399999618530273,15.720000267028809,15.960000038146973,2742,0.0,0.0
2012-04-10 00:00:00-04:00,15.720000267028809,16.31999969482422,14.520000457763672,15.84000015258789,1142,0.0,0.0
2012-04-11 00:00:00-04:00,16.200000762939453,17.399999618530273,16.200000762939453,17.399999618530273,433,0.0,0.0
2012-04-12 00:00:00-04:00,17.399999618530273,17.399999618530273,16.799999237060547,16.799999237060547,3533,0.0,0.0
2012-04-13 00:00:00-04:00,16.200000762939453,16.200000762939453,14.520000457763672,15.84000015258789,1600,0.0,0.0
2012-04-16 00:00:00-04:00,16.200000762939453,16.200000762939453,15.0,15.600000381469727,800,0.0,0.0
2012-04-17 00:00:00-04:00,15.600000381469727,15.600000381469727,13.680000305175781,13.800000190734863,1858,0.0,0.0
2012-04-18 00:00:00-04:00,13.199999809265137,13.800000190734863,12.239999771118164,12.720000267028809,3325,0.0,0.0
2012-04-19 00:00:00-04:00,12.600000381469727,12.720000267028809,9.600000381469727,11.279999732971191,5375,0.0,0.0
2012-04-20 00:00:00-04:00,11.279999732971191,16.799999237060547,11.279999732971191,15.119999885559082,3600,0.0,0.0
2012-04-23 00:00:00-04:00,15.239999771118164,15.600000381469727,12.600000381469727,14.399999618530273,1025,0.0,0.0
2012-04-24 00:00:00-04:00,12.0,14.399999618530273,12.0,13.680000305175781,1225,0.0,0.0
2012-04-25 00:00:00-04:00,13.199999809265137,13.319999694824219,12.0,12.600000381469727,1275,0.0,0.0
2012-04-26 00:00:00-04:00,12.600000381469727,14.279999732971191,11.279999732971191,14.279999732971191,725,0.0,0.0
2012-04-27 00:00:00-04:00,14.279999732971191,14.279999732971191,11.279999732971191,12.600000381469727,1167,0.0,0.0
2012-04-30 00:00:00-04:00,11.399999618530273,14.279999732971191,11.399999618530273,12.359999656677246,642,0.0,0.0
2012-05-01 00:00:00-04:00,11.279999732971191,16.200000762939453,11.279999732971191,15.0,1417,0.0,0.0
2012-05-02 00:00:00-04:00,15.0,15.0,14.279999732971191,14.399999618530273,367,0.0,0.0
2012-05-03 00:00:00-04:00,13.800000190734863,13.800000190734863,13.680000305175781,13.680000305175781,350,0.0,0.0
2012-05-04 00:00:00-04:00,12.239999771118164,13.199999809265137,12.239999771118164,13.199999809265137,292,0.0,0.0
2012-05-07 00:00:00-04:00,12.0,12.0,11.399999618530273,12.0,875,0.0,0.0
2012-05-08 00:00:00-04:00,11.279999732971191,12.0,11.279999732971191,11.760000228881836,250,0.0,0.0
2012-05-09 00:00:00-04:00,11.399999618530273,12.119999885559082,11.279999732971191,11.520000457763672,217,0.0,0.0
2012-05-10 00:00:00-04:00,11.279999732971191,12.119999885559082,9.84000015258789,12.119999885559082,1750,0.0,0.0
2012-05-11 00:00:00-04:00,9.84000015258789,14.399999618530273,9.84000015258789,9.84000015258789,983,0.0,0.0
2012-05-14 00:00:00-04:00,9.84000015258789,12.0,9.359999656677246,12.0,1583,0.0,0.0
2012-05-15 00:00:00-04:00,9.84000015258789,13.199999809265137,9.84000015258789,12.600000381469727,483,0.0,0.0
2012-05-16 00:00:00-04:00,12.600000381469727,12.600000381469727,10.199999809265137,10.800000190734863,558,0.0,0.0
2012-05-17 00:00:00-04:00,12.0,12.0,10.800000190734863,11.520000457763672,458,0.0,0.0
2012-05-18 00:00:00-04:00,12.239999771118164,12.239999771118164,10.199999809265137,10.199999809265137,917,0.0,0.0
2012-05-21 00:00:00-04:00,10.199999809265137,10.199999809265137,10.199999809265137,10.199999809265137,367,0.0,0.0
2012-05-22 00:00:00-04:00,10.199999809265137,11.039999961853027,10.199999809265137,11.039999961853027,392,0.0,0.0
2012-05-23 00:00:00-04:00,10.199999809265137,11.640000343322754,10.199999809265137,11.640000343322754,292,0.0,0.0
2012-05-24 00:00:00-04:00,10.199999809265137,10.199999809265137,10.199999809265137,10.199999809265137,100,0.0,0.0
2012-05-25 00:00:00-04:00,10.800000190734863,10.920000076293945,10.800000190734863,10.800000190734863,508,0.0,0.0
2012-05-29 00:00:00-04:00,10.199999809265137,10.800000190734863,10.199999809265137,10.800000190734863,375,0.0,0.0
2012-05-30 00:00:00-04:00,10.199999809265137,12.119999885559082,10.199999809265137,10.800000190734863,392,0.0,0.0
2012-05-31 00:00:00-04:00,10.800000190734863,10.800000190734863,10.800000190734863,10.800000190734863,108,0.0,0.0
2012-06-01 00:00:00-04:00,10.800000190734863,10.800000190734863,10.199999809265137,10.199999809265137,500,0.0,0.0
2012-06-04 00:00:00-04:00,10.800000190734863,11.15999984741211,10.199999809265137,10.199999809265137,275,0.0,0.0
2012-06-05 00:00:00-04:00,10.199999809265137,11.15999984741211,10.199999809265137,10.5600004196167,333,0.0,0.0
2012-06-06 00:00:00-04:00,10.199999809265137,10.5600004196167,10.199999809265137,10.199999809265137,425,0.0,0.0
2012-06-07 00:00:00-04:00,10.5600004196167,10.5600004196167,10.199999809265137,10.5600004196167,267,0.0,0.0
2012-06-08 00:00:00-04:00,10.199999809265137,10.5600004196167,10.199999809265137,10.5600004196167,233,0.0,0.0
2012-06-11 00:00:00-04:00,10.199999809265137,10.199999809265137,9.84000015258789,9.84000015258789,483,0.0,0.0
2012-06-12 00:00:00-04:00,10.199999809265137,10.199999809265137,9.600000381469727,9.600000381469727,458,0.0,0.0
2012-06-13 00:00:00-04:00,9.84000015258789,9.84000015258789,9.84000015258789,9.84000015258789,167,0.0,0.0
2012-06-14 00:00:00-04:00,9.84000015258789,10.079999923706055,9.84000015258789,9.84000015258789,333,0.0,0.0
2012-06-15 00:00:00-04:00,9.84000015258789,10.319999694824219,9.84000015258789,10.319999694824219,633,0.0,0.0
2012-06-18 00:00:00-04:00,9.84000015258789,10.319999694824219,9.0,9.0,1758,0.0,0.0
2012-06-19 00:00:00-04:00,9.0,9.0,7.800000190734863,7.800000190734863,4333,0.0,0.0
2012-06-20 00:00:00-04:00,7.440000057220459,8.399999618530273,7.199999809265137,8.399999618530273,1675,0.0,0.0
2012-06-21 00:00:00-04:00,6.599999904632568,6.599999904632568,6.599999904632568,6.599999904632568,167,0.0,0.0
2012-06-22 00:00:00-04:00,10.680000305175781,10.680000305175781,9.84000015258789,9.84000015258789,142,0.0,0.0
2012-06-25 00:00:00-04:00,9.84000015258789,9.84000015258789,9.84000015258789,9.84000015258789,25,0.0,0.0
2012-06-26 00:00:00-04:00,7.199999809265137,9.84000015258789,7.199999809265137,7.199999809265137,1100,0.0,0.0
2012-06-27 00:00:00-04:00,7.199999809265137,7.199999809265137,6.599999904632568,7.199999809265137,733,0.0,0.0
2012-06-28 00:00:00-04:00,6.599999904632568,6.599999904632568,6.599999904632568,6.599999904632568,58,0.0,0.0
2012-06-29 00:00:00-04:00,8.039999961853027,8.039999961853027,7.920000076293945,7.920000076293945,317,0.0,0.0
2012-07-02 00:00:00-04:00,9.600000381469727,9.600000381469727,9.600000381469727,9.600000381469727,33,0.0,0.0
2012-07-03 00:00:00-04:00,6.599999904632568,10.199999809265137,6.599999904632568,10.199999809265137,742,0.0,0.0
2012-07-05 00:00:00-04:00,7.920000076293945,9.600000381469727,6.599999904632568,9.600000381469727,1050,0.0,0.0
2012-07-06 00:00:00-04:00,6.0,9.479999542236328,4.800000190734863,9.479999542236328,225,0.0,0.0
2012-07-09 00:00:00-04:00,4.800000190734863,10.5600004196167,4.800000190734863,10.5600004196167,533,0.0,0.0
2012-07-10 00:00:00-04:00,9.239999771118164,10.5600004196167,9.239999771118164,10.5600004196167,83,0.0,0.0
2012-07-11 00:00:00-04:00,10.5600004196167,10.5600004196167,10.5600004196167,10.5600004196167,42,0.0,0.0
2012-07-12 00:00:00-04:00,10.5600004196167,10.5600004196167,10.5600004196167,10.5600004196167,0,0.0,0.0
2012-07-13 00:00:00-04:00,5.039999961853027,10.199999809265137,5.039999961853027,10.199999809265137,117,0.0,0.0
2012-07-16 00:00:00-04:00,10.199999809265137,10.199999809265137,9.479999542236328,10.199999809265137,383,0.0,0.0
2012-07-17 00:00:00-04:00,6.599999904632568,10.199999809265137,6.599999904632568,10.199999809265137,33,0.0,0.0
2012-07-18 00:00:00-04:00,10.199999809265137,10.199999809265137,10.199999809265137,10.199999809265137,8,0.0,0.0
2012-07-19 00:00:00-04:00,6.599999904632568,10.199999809265137,6.599999904632568,10.199999809265137,325,0.0,0.0
2012-07-20 00:00:00-04:00,7.800000190734863,10.199999809265137,7.800000190734863,9.0,92,0.0,0.0
2012-07-23 00:00:00-04:00,9.0,9.0,6.599999904632568,6.960000038146973,608,0.0,0.0
2012-07-24 00:00:00-04:00,10.199999809265137,10.4399995803833,6.599999904632568,10.199999809265137,1175,0.0,0.0
2012-07-25 00:00:00-04:00,3.7200000286102295,10.4399995803833,3.7200000286102295,4.800000190734863,183,0.0,0.0
2012-07-26 00:00:00-04:00,4.800000190734863,4.800000190734863,4.800000190734863,4.800000190734863,83,0.0,0.0
2012-07-27 00:00:00-04:00,4.199999809265137,10.5600004196167,4.199999809265137,7.800000190734863,875,0.0,0.0
2012-07-30 00:00:00-04:00,10.199999809265137,12.600000381469727,5.039999961853027,12.600000381469727,942,0.0,0.0
2012-07-31 00:00:00-04:00,5.400000095367432,12.600000381469727,5.400000095367432,12.0,33,0.0,0.0
2012-08-01 00:00:00-04:00,12.0,12.0,12.0,12.0,0,0.0,0.0
2012-08-02 00:00:00-04:00,7.199999809265137,9.0,7.199999809265137,9.0,250,0.0,0.0
2012-08-03 00:00:00-04:00,9.0,9.0,9.0,9.0,383,0.0,0.0
2012-08-06 00:00:00-04:00,9.600000381469727,9.600000381469727,9.600000381469727,9.600000381469727,8,0.0,0.0
2012-08-07 00:00:00-04:00,4.199999809265137,11.399999618530273,4.199999809265137,9.600000381469727,408,0.0,0.0
2012-08-08 00:00:00-04:00,9.600000381469727,9.600000381469727,5.400000095367432,9.600000381469727,175,0.0,0.0
2012-08-09 00:00:00-04:00,5.400000095367432,9.600000381469727,5.400000095367432,9.600000381469727,33,0.0,0.0
2012-08-10 00:00:00-04:00,4.800000190734863,9.600000381469727,4.800000190734863,9.0,483,0.0,0.0
2012-08-13 00:00:00-04:00,6.599999904632568,9.0,6.599999904632568,8.039999961853027,375,0.0,0.0
2012-08-14 00:00:00-04:00,6.599999904632568,7.800000190734863,6.599999904632568,7.199999809265137,250,0.0,0.0
2012-08-15 00:00:00-04:00,7.199999809265137,10.199999809265137,7.079999923706055,10.199999809265137,617,0.0,0.0
2012-08-16 00:00:00-04:00,4.800000190734863,9.0,4.800000190734863,9.0,33,0.0,0.0
2012-08-17 00:00:00-04:00,9.0,9.0,9.0,9.0,0,0.0,0.0
2012-08-20 00:00:00-04:00,8.399999618530273,8.399999618530273,8.399999618530273,8.399999618530273,83,0.0,0.0
2012-08-21 00:00:00-04:00,5.519999980926514,8.399999618530273,5.519999980926514,6.840000152587891,850,0.0,0.0
2012-08-22 00:00:00-04:00,8.399999618530273,8.399999618530273,5.639999866485596,8.399999618530273,117,0.0,0.0
2012-08-23 00:00:00-04:00,9.0,9.0,9.0,9.0,8,0.0,0.0
2012-08-24 00:00:00-04:00,5.639999866485596,9.0,5.639999866485596,9.0,408,0.0,0.0
2012-08-27 00:00:00-04:00,5.519999980926514,9.0,5.519999980926514,8.399999618530273,342,0.0,0.0
2012-08-28 00:00:00-04:00,5.519999980926514,8.399999618530273,5.519999980926514,7.800000190734863,467,0.0,0.0
2012-08-29 00:00:00-04:00,6.960000038146973,7.800000190734863,6.960000038146973,7.800000190734863,233,0.0,0.0
2012-08-30 00:00:00-04:00,6.119999885559082,6.599999904632568,6.119999885559082,6.599999904632568,183,0.0,0.0
2012-08-31 00:00:00-04:00,6.840000152587891,9.0,6.119999885559082,6.239999771118164,617,0.0,0.0
2012-09-04 00:00:00-04:00,6.119999885559082,7.800000190734863,6.119999885559082,7.800000190734863,342,0.0,0.0
2012-09-05 00:00:00-04:00,6.119999885559082,7.800000190734863,6.119999885559082,7.800000190734863,92,0.0,0.0
2012-09-06 00:00:00-04:00,6.119999885559082,7.800000190734863,6.119999885559082,7.800000190734863,67,0.0,0.0
2012-09-07 00:00:00-04:00,7.800000190734863,7.800000190734863,6.599999904632568,7.800000190734863,175,0.0,0.0
2012-09-10 00:00:00-04:00,6.599999904632568,7.800000190734863,6.599999904632568,7.800000190734863,167,0.0,0.0
2012-09-11 00:00:00-04:00,7.199999809265137,7.679999828338623,7.199999809265137,7.679999828338623,300,0.0,0.0
2012-09-12 00:00:00-04:00,5.880000114440918,7.679999828338623,5.760000228881836,7.679999828338623,367,0.0,0.0
2012-09-13 00:00:00-04:00,5.639999866485596,7.679999828338623,5.639999866485596,7.679999828338623,758,0.0,0.0
2012-09-14 00:00:00-04:00,7.679999828338623,7.679999828338623,7.679999828338623,7.679999828338623,17,0.0,0.0
2012-09-17 00:00:00-04:00,5.760000228881836,7.559999942779541,5.760000228881836,7.559999942779541,108,0.0,0.0
2012-09-18 00:00:00-04:00,7.559999942779541,7.559999942779541,7.559999942779541,7.559999942779541,0,0.0,0.0
2012-09-19 00:00:00-04:00,7.199999809265137,9.960000038146973,5.639999866485596,9.0,4225,0.0,0.0
2012-09-20 00:00:00-04:00,11.399999618530273,12.0,9.960000038146973,10.319999694824219,8083,0.0,0.0
2012-09-21 00:00:00-04:00,11.399999618530273,11.640000343322754,10.4399995803833,10.4399995803833,3158,0.0,0.0
2012-09-24 00:00:00-04:00,10.4399995803833,12.119999885559082,10.4399995803833,11.760000228881836,10917,0.0,0.0
2012-09-25 00:00:00-04:00,11.760000228881836,11.760000228881836,10.800000190734863,10.800000190734863,4325,0.0,0.0
2012-09-26 00:00:00-04:00,10.800000190734863,11.399999618530273,10.5600004196167,10.5600004196167,1075,0.0,0.0
2012-09-27 00:00:00-04:00,10.199999809265137,11.039999961853027,10.079999923706055,11.039999961853027,5125,0.0,0.0
2012-09-28 00:00:00-04:00,11.039999961853027,11.039999961853027,9.960000038146973,9.960000038146973,2358,0.0,0.0
2012-10-01 00:00:00-04:00,10.680000305175781,10.680000305175781,9.600000381469727,10.680000305175781,2792,0.0,0.0
2012-10-02 00:00:00-04:00,10.680000305175781,10.680000305175781,10.680000305175781,10.680000305175781,200,0.0,0.0
2012-10-03 00:00:00-04:00,10.680000305175781,10.680000305175781,9.84000015258789,10.680000305175781,1833,0.0,0.0
2012-10-04 00:00:00-04:00,10.680000305175781,10.680000305175781,9.119999885559082,10.680000305175781,1833,0.0,0.0
2012-10-05 00:00:00-04:00,9.600000381469727,10.680000305175781,9.600000381469727,10.680000305175781,17,0.0,0.0
2012-10-08 00:00:00-04:00,10.680000305175781,10.680000305175781,9.0,10.680000305175781,483,0.0,0.0
2012-10-09 00:00:00-04:00,9.0,10.680000305175781,9.0,10.680000305175781,50,0.0,0.0
2012-10-10 00:00:00-04:00,10.680000305175781,10.680000305175781,10.680000305175781,10.680000305175781,75,0.0,0.0
2012-10-11 00:00:00-04:00,10.680000305175781,10.680000305175781,10.680000305175781,10.680000305175781,1167,0.0,0.0
2012-10-12 00:00:00-04:00,10.680000305175781,10.680000305175781,10.5600004196167,10.5600004196167,25,0.0,0.0
2012-10-15 00:00:00-04:00,9.0,10.680000305175781,9.0,9.0,958,0.0,0.0
2012-10-16 00:00:00-04:00,9.359999656677246,10.680000305175781,9.0,10.680000305175781,133,0.0,0.0
2012-10-17 00:00:00-04:00,10.680000305175781,10.680000305175781,10.680000305175781,10.680000305175781,75,0.0,0.0
2012-10-18 00:00:00-04:00,10.680000305175781,10.680000305175781,9.84000015258789,10.680000305175781,475,0.0,0.0
2012-10-19 00:00:00-04:00,10.199999809265137,10.199999809265137,9.0,9.0,775,0.0,0.0
2012-10-22 00:00:00-04:00,9.0,10.680000305175781,9.0,10.680000305175781,1500,0.0,0.0
2012-10-23 00:00:00-04:00,9.0,10.680000305175781,9.0,10.680000305175781,117,0.0,0.0
2012-10-24 00:00:00-04:00,9.119999885559082,10.680000305175781,9.119999885559082,10.680000305175781,92,0.0,0.0
2012-10-25 00:00:00-04:00,10.199999809265137,10.199999809265137,9.0,10.199999809265137,192,0.0,0.0
2012-10-26 00:00:00-04:00,9.239999771118164,10.199999809265137,9.239999771118164,10.199999809265137,25,0.0,0.0
2012-10-31 00:00:00-04:00,10.199999809265137,10.199999809265137,10.199999809265137,10.199999809265137,0,0.0,0.0
2012-11-01 00:00:00-04:00,10.680000305175781,10.680000305175781,8.640000343322754,8.640000343322754,42,0.0,0.0
2012-11-02 00:00:00-04:00,9.600000381469727,9.600000381469727,9.600000381469727,9.600000381469727,92,0.0,0.0
2012-11-05 00:00:00-05:00,8.880000114440918,9.600000381469727,8.520000457763672,9.600000381469727,1592,0.0,0.0
2012-11-06 00:00:00-05:00,9.600000381469727,9.600000381469727,9.600000381469727,9.600000381469727,0,0.0,0.0
2012-11-07 00:00:00-05:00,9.479999542236328,9.600000381469727,8.399999618530273,9.600000381469727,2425,0.0,0.0
2012-11-08 00:00:00-05:00,8.399999618530273,9.600000381469727,8.399999618530273,9.600000381469727,50,0.0,0.0
2012-11-09 00:00:00-05:00,8.399999618530273,9.600000381469727,7.800000190734863,8.520000457763672,1258,0.0,0.0
2012-11-12 00:00:00-05:00,9.0,9.0,7.800000190734863,8.640000343322754,608,0.0,0.0
2012-11-13 00:00:00-05:00,8.520000457763672,8.640000343322754,7.800000190734863,8.15999984741211,583,0.0,0.0
2012-11-14 00:00:00-05:00,8.15999984741211,8.15999984741211,7.800000190734863,8.15999984741211,533,0.0,0.0
2012-11-15 00:00:00-05:00,8.15999984741211,8.15999984741211,8.15999984741211,8.15999984741211,83,0.0,0.0
2012-11-16 00:00:00-05:00,7.800000190734863,8.15999984741211,7.800000190734863,8.039999961853027,792,0.0,0.0
2012-11-19 00:00:00-05:00,7.199999809265137,8.15999984741211,7.199999809265137,8.15999984741211,533,0.0,0.0
2012-11-20 00:00:00-05:00,7.199999809265137,8.15999984741211,7.199999809265137,7.320000171661377,250,0.0,0.0
2012-11-21 00:00:00-05:00,8.15999984741211,8.15999984741211,8.15999984741211,8.15999984741211,8,0.0,0.0
2012-11-23 00:00:00-05:00,8.15999984741211,8.880000114440918,8.15999984741211,8.399999618530273,1442,0.0,0.0
2012-11-26 00:00:00-05:00,7.559999942779541,8.880000114440918,7.320000171661377,8.399999618530273,542,0.0,0.0
2012-11-27 00:00:00-05:00,8.520000457763672,8.520000457763672,7.800000190734863,8.399999618530273,142,0.0,0.0
2012-11-28 00:00:00-05:00,8.279999732971191,9.0,8.15999984741211,9.0,708,0.0,0.0
2012-11-29 00:00:00-05:00,9.0,9.0,7.440000057220459,7.440000057220459,350,0.0,0.0
2012-11-30 00:00:00-05:00,7.440000057220459,8.399999618530273,7.440000057220459,8.399999618530273,175,0.0,0.0
2012-12-03 00:00:00-05:00,7.440000057220459,9.0,7.440000057220459,9.0,217,0.0,0.0
2012-12-04 00:00:00-05:00,7.440000057220459,9.0,7.440000057220459,8.640000343322754,425,0.0,0.0
2012-12-05 00:00:00-05:00,7.800000190734863,9.600000381469727,7.800000190734863,9.359999656677246,200,0.0,0.0
2012-12-06 00:00:00-05:00,9.359999656677246,9.359999656677246,7.800000190734863,9.359999656677246,858,0.0,0.0
2012-12-07 00:00:00-05:00,7.800000190734863,9.359999656677246,7.800000190734863,9.359999656677246,617,0.0,0.0
2012-12-10 00:00:00-05:00,9.359999656677246,9.359999656677246,7.800000190734863,9.359999656677246,800,0.0,0.0
2012-12-11 00:00:00-05:00,9.359999656677246,9.359999656677246,9.359999656677246,9.359999656677246,0,0.0,0.0
2012-12-12 00:00:00-05:00,8.640000343322754,9.359999656677246,8.640000343322754,9.359999656677246,433,0.0,0.0
2012-12-13 00:00:00-05:00,7.800000190734863,9.359999656677246,7.800000190734863,9.359999656677246,50,0.0,0.0
2012-12-14 00:00:00-05:00,9.359999656677246,9.359999656677246,9.359999656677246,9.359999656677246,17,0.0,0.0
2012-12-17 00:00:00-05:00,9.359999656677246,9.359999656677246,9.359999656677246,9.359999656677246,0,0.0,0.0
2012-12-18 00:00:00-05:00,8.399999618530273,9.239999771118164,7.800000190734863,9.239999771118164,708,0.0,0.0
2012-12-19 00:00:00-05:00,7.800000190734863,8.399999618530273,7.800000190734863,8.399999618530273,225,0.0,0.0
2012-12-20 00:00:00-05:00,7.800000190734863,8.399999618530273,7.320000171661377,7.800000190734863,1058,0.0,0.0
2012-12-21 00:00:00-05:00,7.320000171661377,7.800000190734863,7.320000171661377,7.320000171661377,450,0.0,0.0
2012-12-24 00:00:00-05:00,7.800000190734863,7.800000190734863,7.079999923706055,7.079999923706055,817,0.0,0.0
2012-12-26 00:00:00-05:00,6.960000038146973,7.800000190734863,6.960000038146973,7.559999942779541,742,0.0,0.0
2012-12-27 00:00:00-05:00,7.559999942779541,7.800000190734863,7.559999942779541,7.800000190734863,408,0.0,0.0
2012-12-28 00:00:00-05:00,9.359999656677246,9.359999656677246,7.679999828338623,9.359999656677246,25,0.0,0.0
2012-12-31 00:00:00-05:00,6.599999904632568,7.679999828338623,6.0,6.599999904632568,2575,0.0,0.0
2013-01-02 00:00:00-05:00,6.599999904632568,7.440000057220459,6.0,6.480000019073486,1250,0.0,0.0
2013-01-03 00:00:00-05:00,6.0,7.199999809265137,5.880000114440918,5.880000114440918,1225,0.0,0.0
2013-01-04 00:00:00-05:00,5.760000228881836,6.0,5.760000228881836,6.0,6617,0.0,0.0
2013-01-07 00:00:00-05:00,6.0,6.0,5.28000020980835,5.760000228881836,2542,0.0,0.0
2013-01-08 00:00:00-05:00,5.28000020980835,5.760000228881836,5.039999961853027,5.760000228881836,4858,0.0,0.0
2013-01-09 00:00:00-05:00,5.519999980926514,5.519999980926514,4.800000190734863,4.800000190734863,4600,0.0,0.0
2013-01-10 00:00:00-05:00,5.28000020980835,5.28000020980835,5.039999961853027,5.039999961853027,1500,0.0,0.0
2013-01-11 00:00:00-05:00,4.800000190734863,4.800000190734863,4.199999809265137,4.679999828338623,1625,0.0,0.0
2013-01-14 00:00:00-05:00,4.440000057220459,4.800000190734863,4.199999809265137,4.800000190734863,4367,0.0,0.0
2013-01-15 00:00:00-05:00,4.800000190734863,4.800000190734863,4.199999809265137,4.199999809265137,1225,0.0,0.0
2013-01-16 00:00:00-05:00,4.199999809265137,4.679999828338623,4.199999809265137,4.199999809265137,3183,0.0,0.0
2013-01-17 00:00:00-05:00,4.679999828338623,5.639999866485596,4.679999828338623,5.639999866485596,14575,0.0,0.0
2013-01-18 00:00:00-05:00,5.400000095367432,5.760000228881836,5.400000095367432,5.760000228881836,37667,0.0,0.0
2013-01-22 00:00:00-05:00,5.760000228881836,8.039999961853027,5.760000228881836,7.199999809265137,2442,0.0,0.0
2013-01-23 00:00:00-05:00,9.0,9.0,9.0,9.0,83,0.0,0.0
2013-01-24 00:00:00-05:00,8.880000114440918,8.880000114440918,7.199999809265137,8.399999618530273,925,0.0,0.0
2013-01-25 00:00:00-05:00,8.399999618530273,8.399999618530273,8.399999618530273,8.399999618530273,0,0.0,0.0
2013-01-28 00:00:00-05:00,8.399999618530273,9.0,7.800000190734863,8.15999984741211,1967,0.0,0.0
2013-01-29 00:00:00-05:00,8.15999984741211,8.279999732971191,8.15999984741211,8.15999984741211,558,0.0,0.0
2013-01-30 00:00:00-05:00,8.15999984741211,8.399999618530273,8.15999984741211,8.399999618530273,383,0.0,0.0
2013-01-31 00:00:00-05:00,7.800000190734863,7.800000190734863,7.800000190734863,7.800000190734863,108,0.0,0.0
2013-02-01 00:00:00-05:00,7.920000076293945,9.239999771118164,7.920000076293945,9.239999771118164,258,0.0,0.0
2013-02-04 00:00:00-05:00,9.0,9.239999771118164,8.399999618530273,8.399999618530273,808,0.0,0.0
2013-02-05 00:00:00-05:00,9.0,9.0,7.920000076293945,7.920000076293945,158,0.0,0.0
2013-02-06 00:00:00-05:00,7.920000076293945,7.920000076293945,7.920000076293945,7.920000076293945,8,0.0,0.0
2013-02-07 00:00:00-05:00,7.920000076293945,7.920000076293945,7.920000076293945,7.920000076293945,125,0.0,0.0
2013-02-08 00:00:00-05:00,7.920000076293945,7.920000076293945,7.920000076293945,7.920000076293945,1125,0.0,0.0
2013-02-11 00:00:00-05:00,9.0,9.0,9.0,9.0,275,0.0,0.0
2013-02-12 00:00:00-05:00,9.0,9.0,9.0,9.0,717,0.0,0.0
2013-02-13 00:00:00-05:00,9.0,9.0,9.0,9.0,0,0.0,0.0
2013-02-14 00:00:00-05:00,9.0,9.0,8.399999618530273,8.399999618530273,100,0.0,0.0
2013-02-15 00:00:00-05:00,8.399999618530273,8.399999618530273,8.399999618530273,8.399999618530273,0,0.0,0.0
2013-02-19 00:00:00-05:00,8.399999618530273,9.600000381469727,8.399999618530273,9.600000381469727,958,0.0,0.0
2013-02-20 00:00:00-05:00,8.399999618530273,8.399999618530273,8.399999618530273,8.399999618530273,25,0.0,0.0
2013-02-21 00:00:00-05:00,8.399999618530273,8.399999618530273,8.399999618530273,8.399999618530273,83,0.0,0.0
2013-02-22 00:00:00-05:00,8.399999618530273,8.399999618530273,8.399999618530273,8.399999618530273,42,0.0,0.0
2013-02-25 00:00:00-05:00,8.399999618530273,9.600000381469727,8.399999618530273,9.600000381469727,433,0.0,0.0
2013-02-26 00:00:00-05:00,9.600000381469727,9.600000381469727,9.600000381469727,9.600000381469727,83,0.0,0.0
2013-02-27 00:00:00-05:00,9.0,9.0,9.0,9.0,500,0.0,0.0
2013-02-28 00:00:00-05:00,8.399999618530273,9.0,8.399999618530273,8.399999618530273,625,0.0,0.0
2013-03-01 00:00:00-05:00,8.399999618530273,8.399999618530273,8.399999618530273,8.399999618530273,192,0.0,0.0
2013-03-04 00:00:00-05:00,8.399999618530273,8.399999618530273,8.399999618530273,8.399999618530273,0,0.0,0.0
2013-03-05 00:00:00-05:00,8.399999618530273,8.399999618530273,8.399999618530273,8.399999618530273,92,0.0,0.0
2013-03-06 00:00:00-05:00,8.399999618530273,8.399999618530273,8.399999618530273,8.399999618530273,325,0.0,0.0
2013-03-07 00:00:00-05:00,8.520000457763672,8.880000114440918,8.399999618530273,8.880000114440918,3383,0.0,0.0
2013-03-08 00:00:00-05:00,9.0,9.0,8.15999984741211,8.15999984741211,833,0.0,0.0
2013-03-11 00:00:00-04:00,9.600000381469727,9.600000381469727,9.0,9.0,1250,0.0,0.0
2013-03-12 00:00:00-04:00,9.0,9.0,9.0,9.0,250,0.0,0.0
2013-03-13 00:00:00-04:00,9.0,9.0,9.0,9.0,167,0.0,0.0
2013-03-14 00:00:00-04:00,9.0,10.199999809265137,9.0,10.199999809265137,375,0.0,0.0
2013-03-15 00:00:00-04:00,9.84000015258789,10.199999809265137,9.84000015258789,10.199999809265137,550,0.0,0.0
2013-03-18 00:00:00-04:00,9.84000015258789,9.84000015258789,9.84000015258789,9.84000015258789,108,0.0,0.0
2013-03-19 00:00:00-04:00,9.84000015258789,10.199999809265137,9.84000015258789,10.199999809265137,292,0.0,0.0
2013-03-20 00:00:00-04:00,10.199999809265137,10.800000190734863,10.199999809265137,10.800000190734863,317,0.0,0.0
2013-03-21 00:00:00-04:00,11.039999961853027,11.399999618530273,11.039999961853027,11.399999618530273,375,0.0,0.0
2013-03-22 00:00:00-04:00,11.039999961853027,11.039999961853027,10.4399995803833,10.800000190734863,925,0.0,0.0
2013-03-25 00:00:00-04:00,11.399999618530273,12.0,11.399999618530273,12.0,183,0.0,0.0
2013-03-26 00:00:00-04:00,13.199999809265137,14.399999618530273,11.399999618530273,11.520000457763672,1742,0.0,0.0
2013-03-27 00:00:00-04:00,11.399999618530273,14.15999984741211,11.399999618530273,14.15999984741211,150,0.0,0.0
2013-03-28 00:00:00-04:00,14.399999618530273,14.399999618530273,14.399999618530273,14.399999618530273,167,0.0,0.0
2013-04-01 00:00:00-04:00,11.520000457763672,11.520000457763672,11.520000457763672,11.520000457763672,25,0.0,0.0
2013-04-02 00:00:00-04:00,12.0,12.0,12.0,12.0,250,0.0,0.0
2013-04-03 00:00:00-04:00,12.0,12.0,12.0,12.0,83,0.0,0.0
2013-04-04 00:00:00-04:00,11.399999618530273,11.520000457763672,10.680000305175781,11.520000457763672,175,0.0,0.0
2013-04-05 00:00:00-04:00,11.520000457763672,11.520000457763672,11.520000457763672,11.520000457763672,767,0.0,0.0
2013-04-08 00:00:00-04:00,10.680000305175781,10.680000305175781,10.680000305175781,10.680000305175781,17,0.0,0.0
2013-04-09 00:00:00-04:00,10.680000305175781,11.760000228881836,10.680000305175781,10.680000305175781,225,0.0,0.0
2013-04-10 00:00:00-04:00,10.800000190734863,10.800000190734863,10.800000190734863,10.800000190734863,75,0.0,0.0
2013-04-11 00:00:00-04:00,10.800000190734863,10.800000190734863,10.800000190734863,10.800000190734863,25,0.0,0.0
2013-04-12 00:00:00-04:00,10.800000190734863,10.800000190734863,10.800000190734863,10.800000190734863,0,0.0,0.0
2013-04-15 00:00:00-04:00,10.800000190734863,10.800000190734863,8.399999618530273,8.399999618530273,1025,0.0,0.0
2013-04-16 00:00:00-04:00,7.800000190734863,9.600000381469727,7.559999942779541,7.559999942779541,800,0.0,0.0
2013-04-17 00:00:00-04:00,9.0,9.600000381469727,9.0,9.600000381469727,267,0.0,0.0
2013-04-18 00:00:00-04:00,10.800000190734863,11.760000228881836,9.600000381469727,9.600000381469727,4008,0.0,0.0
2013-04-19 00:00:00-04:00,9.600000381469727,9.600000381469727,9.600000381469727,9.600000381469727,100,0.0,0.0
2013-04-22 00:00:00-04:00,9.600000381469727,9.600000381469727,9.600000381469727,9.600000381469727,0,0.0,0.0
2013-04-23 00:00:00-04:00,9.600000381469727,9.600000381469727,9.600000381469727,9.600000381469727,142,0.0,0.0
2013-04-24 00:00:00-04:00,10.800000190734863,10.800000190734863,10.800000190734863,10.800000190734863,17,0.0,0.0
2013-04-25 00:00:00-04:00,10.800000190734863,11.279999732971191,10.800000190734863,11.039999961853027,2017,0.0,0.0
2013-04-26 00:00:00-04:00,10.800000190734863,10.800000190734863,10.800000190734863,10.800000190734863,108,0.0,0.0
2013-04-29 00:00:00-04:00,10.800000190734863,10.800000190734863,10.800000190734863,10.800000190734863,325,0.0,0.0
2013-04-30 00:00:00-04:00,10.800000190734863,10.800000190734863,10.800000190734863,10.800000190734863,250,0.0,0.0
2013-05-01 00:00:00-04:00,10.800000190734863,10.800000190734863,10.800000190734863,10.800000190734863,167,0.0,0.0
2013-05-02 00:00:00-04:00,10.800000190734863,10.800000190734863,10.800000190734863,10.800000190734863,783,0.0,0.0
2013-05-03 00:00:00-04:00,11.399999618530273,11.399999618530273,10.800000190734863,10.800000190734863,167,0.0,0.0
2013-05-06 00:00:00-04:00,10.800000190734863,10.800000190734863,10.800000190734863,10.800000190734863,225,0.0,0.0
2013-05-07 00:00:00-04:00,10.800000190734863,10.800000190734863,10.800000190734863,10.800000190734863,0,0.0,0.0
2013-05-08 00:00:00-04:00,11.039999961853027,11.039999961853027,11.039999961853027,11.039999961853027,167,0.0,0.0
2013-05-09 00:00:00-04:00,10.920000076293945,11.039999961853027,10.920000076293945,11.039999961853027,275,0.0,0.0
2013-05-10 00:00:00-04:00,10.800000190734863,11.399999618530273,10.800000190734863,11.399999618530273,1058,0.0,0.0
2013-05-13 00:00:00-04:00,11.15999984741211,11.399999618530273,11.15999984741211,11.399999618530273,408,0.0,0.0
2013-05-14 00:00:00-04:00,10.800000190734863,11.399999618530273,10.800000190734863,11.399999618530273,167,0.0,0.0
2013-05-15 00:00:00-04:00,10.800000190734863,10.800000190734863,10.800000190734863,10.800000190734863,8,0.0,0.0
2013-05-16 00:00:00-04:00,10.800000190734863,10.800000190734863,10.800000190734863,10.800000190734863,8,0.0,0.0
2013-05-17 00:00:00-04:00,11.399999618530273,11.399999618530273,10.800000190734863,10.800000190734863,283,0.0,0.0
2013-05-20 00:00:00-04:00,11.399999618530273,11.399999618530273,10.800000190734863,10.800000190734863,183,0.0,0.0
2013-05-21 00:00:00-04:00,10.800000190734863,10.800000190734863,10.800000190734863,10.800000190734863,50,0.0,0.0
2013-05-22 00:00:00-04:00,11.399999618530273,12.600000381469727,11.399999618530273,12.600000381469727,1658,0.0,0.0
2013-05-23 00:00:00-04:00,12.600000381469727,12.600000381469727,9.600000381469727,12.600000381469727,575,0.0,0.0
2013-05-24 00:00:00-04:00,12.479999542236328,12.479999542236328,12.479999542236328,12.479999542236328,92,0.0,0.0
2013-05-28 00:00:00-04:00,12.600000381469727,12.600000381469727,10.800000190734863,12.600000381469727,158,0.0,0.0
2013-05-29 00:00:00-04:00,12.600000381469727,12.600000381469727,9.600000381469727,12.479999542236328,167,0.0,0.0
2013-05-30 00:00:00-04:00,10.199999809265137,12.0,10.199999809265137,12.0,25,0.0,0.0
2013-05-31 00:00:00-04:00,10.199999809265137,11.399999618530273,10.199999809265137,11.399999618530273,350,0.0,0.0
2013-06-03 00:00:00-04:00,11.399999618530273,11.399999618530273,11.399999618530273,11.399999618530273,0,0.0,0.0
2013-06-04 00:00:00-04:00,10.199999809265137,10.199999809265137,10.199999809265137,10.199999809265137,233,0.0,0.0
2013-06-05 00:00:00-04:00,10.199999809265137,10.199999809265137,10.199999809265137,10.199999809265137,100,0.0,0.0
2013-06-06 00:00:00-04:00,10.199999809265137,10.199999809265137,10.199999809265137,10.199999809265137,0,0.0,0.0
2013-06-07 00:00:00-04:00,10.199999809265137,10.199999809265137,10.199999809265137,10.199999809265137,0,0.0,0.0
2013-06-10 00:00:00-04:00,9.0,9.0,9.0,9.0,242,0.0,0.0
2013-06-11 00:00:00-04:00,9.720000267028809,10.319999694824219,9.720000267028809,10.319999694824219,125,0.0,0.0
2013-06-12 00:00:00-04:00,10.319999694824219,10.319999694824219,10.319999694824219,10.319999694824219,0,0.0,0.0
2013-06-13 00:00:00-04:00,9.720000267028809,9.720000267028809,9.720000267028809,9.720000267028809,200,0.0,0.0
2013-06-14 00:00:00-04:00,9.720000267028809,9.720000267028809,9.600000381469727,9.600000381469727,208,0.0,0.0
2013-06-17 00:00:00-04:00,9.600000381469727,9.720000267028809,9.0,9.720000267028809,933,0.0,0.0
2013-06-18 00:00:00-04:00,9.720000267028809,9.720000267028809,9.720000267028809,9.720000267028809,0,0.0,0.0
2013-06-19 00:00:00-04:00,10.079999923706055,10.079999923706055,8.399999618530273,10.079999923706055,608,0.0,0.0
2013-06-20 00:00:00-04:00,10.079999923706055,10.079999923706055,9.600000381469727,10.079999923706055,417,0.0,0.0
2013-06-21 00:00:00-04:00,10.079999923706055,10.079999923706055,9.600000381469727,10.079999923706055,800,0.0,0.0
2013-06-24 00:00:00-04:00,9.0,9.0,8.880000114440918,8.880000114440918,167,0.0,0.0
2013-06-25 00:00:00-04:00,8.880000114440918,9.0,8.880000114440918,9.0,217,0.0,0.0
2013-06-26 00:00:00-04:00,8.399999618530273,8.399999618530273,8.399999618530273,8.399999618530273,8,0.0,0.0
2013-06-27 00:00:00-04:00,9.0,9.0,9.0,9.0,8,0.0,0.0
2013-06-28 00:00:00-04:00,9.0,9.0,9.0,9.0,358,0.0,0.0
2013-07-01 00:00:00-04:00,9.0,9.0,9.0,9.0,0,0.0,0.0
2013-07-02 00:00:00-04:00,9.0,9.0,9.0,9.0,92,0.0,0.0
2013-07-03 00:00:00-04:00,9.0,9.0,9.0,9.0,0,0.0,0.0
2013-07-05 00:00:00-04:00,7.199999809265137,10.680000305175781,7.199999809265137,8.399999618530273,208,0.0,0.0
2013-07-08 00:00:00-04:00,9.0,9.0,9.0,9.0,42,0.0,0.0
2013-07-09 00:00:00-04:00,8.399999618530273,8.399999618530273,8.399999618530273,8.399999618530273,92,0.0,0.0
2013-07-10 00:00:00-04:00,9.600000381469727,9.600000381469727,9.600000381469727,9.600000381469727,200,0.0,0.0
2013-07-11 00:00:00-04:00,9.600000381469727,9.600000381469727,9.600000381469727,9.600000381469727,0,0.0,0.0
2013-07-12 00:00:00-04:00,9.600000381469727,9.600000381469727,9.600000381469727,9.600000381469727,0,0.0,0.0
2013-07-15 00:00:00-04:00,9.0,9.0,8.399999618530273,8.399999618530273,533,0.0,0.0
2013-07-16 00:00:00-04:00,8.399999618530273,9.0,8.399999618530273,9.0,400,0.0,0.0
2013-07-17 00:00:00-04:00,9.0,9.0,9.0,9.0,0,0.0,0.0
2013-07-18 00:00:00-04:00,8.399999618530273,9.0,8.399999618530273,8.399999618530273,125,0.0,0.0
2013-07-19 00:00:00-04:00,8.399999618530273,9.720000267028809,8.399999618530273,9.720000267028809,350,0.0,0.0
2013-07-22 00:00:00-04:00,9.720000267028809,9.720000267028809,9.720000267028809,9.720000267028809,500,0.0,0.0
2013-07-23 00:00:00-04:00,8.399999618530273,9.720000267028809,8.399999618530273,9.720000267028809,192,0.0,0.0
2013-07-24 00:00:00-04:00,8.520000457763672,8.640000343322754,8.520000457763672,8.640000343322754,333,0.0,0.0
2013-07-25 00:00:00-04:00,8.640000343322754,8.640000343322754,8.640000343322754,8.640000343322754,0,0.0,0.0
2013-07-26 00:00:00-04:00,8.640000343322754,8.640000343322754,8.640000343322754,8.640000343322754,83,0.0,0.0
2013-07-29 00:00:00-04:00,8.640000343322754,8.640000343322754,8.640000343322754,8.640000343322754,83,0.0,0.0
2013-07-30 00:00:00-04:00,9.0,9.720000267028809,8.760000228881836,9.720000267028809,1317,0.0,0.0
2013-07-31 00:00:00-04:00,9.0,9.720000267028809,9.0,9.720000267028809,275,0.0,0.0
2013-08-01 00:00:00-04:00,9.0,9.0,9.0,9.0,200,0.0,0.0
2013-08-02 00:00:00-04:00,9.0,9.0,9.0,9.0,0,0.0,0.0
2013-08-05 00:00:00-04:00,9.0,9.0,9.0,9.0,75,0.0,0.0
2013-08-06 00:00:00-04:00,9.0,9.0,9.0,9.0,175,0.0,0.0
2013-08-07 00:00:00-04:00,9.0,9.0,9.0,9.0,0,0.0,0.0
2013-08-08 00:00:00-04:00,9.0,9.0,9.0,9.0,125,0.0,0.0
2013-08-09 00:00:00-04:00,9.0,9.0,9.0,9.0,0,0.0,0.0
2013-08-12 00:00:00-04:00,8.640000343322754,8.640000343322754,8.640000343322754,8.640000343322754,125,0.0,0.0
2013-08-13 00:00:00-04:00,8.640000343322754,8.640000343322754,8.640000343322754,8.640000343322754,25,0.0,0.0
2013-08-14 00:00:00-04:00,8.640000343322754,8.640000343322754,8.640000343322754,8.640000343322754,42,0.0,0.0
2013-08-15 00:00:00-04:00,8.640000343322754,8.640000343322754,8.640000343322754,8.640000343322754,83,0.0,0.0
2013-08-16 00:00:00-04:00,8.760000228881836,8.760000228881836,8.760000228881836,8.760000228881836,17,0.0,0.0
2013-08-19 00:00:00-04:00,8.279999732971191,9.720000267028809,8.279999732971191,9.720000267028809,600,0.0,0.0
2013-08-20 00:00:00-04:00,9.720000267028809,9.720000267028809,9.720000267028809,9.720000267028809,158,0.0,0.0
2013-08-21 00:00:00-04:00,7.800000190734863,9.0,7.800000190734863,9.0,450,0.0,0.0
2013-08-22 00:00:00-04:00,8.399999618530273,8.399999618530273,8.399999618530273,8.399999618530273,233,0.0,0.0
2013-08-23 00:00:00-04:00,8.399999618530273,9.239999771118164,8.399999618530273,9.239999771118164,83,0.0,0.0
2013-08-26 00:00:00-04:00,9.239999771118164,9.239999771118164,9.239999771118164,9.239999771118164,0,0.0,0.0
2013-08-27 00:00:00-04:00,9.239999771118164,9.239999771118164,9.239999771118164,9.239999771118164,0,0.0,0.0
2013-08-28 00:00:00-04:00,8.399999618530273,8.399999618530273,8.399999618530273,8.399999618530273,50,0.0,0.0
2013-08-29 00:00:00-04:00,8.399999618530273,8.399999618530273,8.399999618530273,8.399999618530273,0,0.0,0.0
2013-08-30 00:00:00-04:00,6.71999979019165,9.0,6.71999979019165,9.0,33,0.0,0.0
2013-09-03 00:00:00-04:00,6.599999904632568,9.0,6.599999904632568,9.0,92,0.0,0.0
2013-09-04 00:00:00-04:00,9.0,9.0,9.0,9.0,250,0.0,0.0
2013-09-05 00:00:00-04:00,9.0,9.0,8.399999618530273,8.399999618530273,367,0.0,0.0
2013-09-06 00:00:00-04:00,8.399999618530273,8.399999618530273,8.399999618530273,8.399999618530273,42,0.0,0.0
2013-09-09 00:00:00-04:00,8.399999618530273,8.399999618530273,6.599999904632568,8.399999618530273,417,0.0,0.0
2013-09-10 00:00:00-04:00,7.199999809265137,7.199999809265137,7.199999809265137,7.199999809265137,17,0.0,0.0
2013-09-11 00:00:00-04:00,7.320000171661377,9.600000381469727,7.320000171661377,8.399999618530273,942,0.0,0.0
2013-09-12 00:00:00-04:00,8.399999618530273,8.399999618530273,8.399999618530273,8.399999618530273,0,0.0,0.0
2013-09-13 00:00:00-04:00,8.399999618530273,8.399999618530273,8.399999618530273,8.399999618530273,17,0.0,0.0
2013-09-16 00:00:00-04:00,7.199999809265137,8.399999618530273,7.199999809265137,7.199999809265137,125,0.0,0.0
2013-09-17 00:00:00-04:00,7.320000171661377,7.320000171661377,7.320000171661377,7.320000171661377,83,0.0,0.0
2013-09-18 00:00:00-04:00,8.399999618530273,8.399999618530273,7.440000057220459,7.440000057220459,217,0.0,0.0
2013-09-19 00:00:00-04:00,7.440000057220459,7.440000057220459,7.440000057220459,7.440000057220459,75,0.0,0.0
2013-09-20 00:00:00-04:00,7.440000057220459,7.440000057220459,7.440000057220459,7.440000057220459,0,0.0,0.0
2013-09-23 00:00:00-04:00,7.440000057220459,7.440000057220459,7.440000057220459,7.440000057220459,0,0.0,0.0
2013-09-24 00:00:00-04:00,7.320000171661377,7.320000171661377,5.760000228881836,7.320000171661377,708,0.0,0.0
2013-09-25 00:00:00-04:00,7.320000171661377,7.320000171661377,7.320000171661377,7.320000171661377,0,0.0,0.0
2013-09-26 00:00:00-04:00,7.320000171661377,7.320000171661377,5.760000228881836,5.760000228881836,108,0.0,0.0
2013-09-27 00:00:00-04:00,7.320000171661377,7.320000171661377,7.320000171661377,7.320000171661377,150,0.0,0.0
2013-09-30 00:00:00-04:00,7.320000171661377,8.399999618530273,7.320000171661377,8.399999618530273,417,0.0,0.0
2013-10-01 00:00:00-04:00,8.399999618530273,8.399999618530273,8.399999618530273,8.399999618530273,0,0.0,0.0
2013-10-02 00:00:00-04:00,8.399999618530273,8.399999618530273,8.399999618530273,8.399999618530273,0,0.0,0.0
2013-10-03 00:00:00-04:00,8.399999618530273,8.399999618530273,8.399999618530273,8.399999618530273,0,0.0,0.0
2013-10-04 00:00:00-04:00,7.199999809265137,7.199999809265137,7.199999809265137,7.199999809265137,200,0.0,0.0
2013-10-07 00:00:00-04:00,7.199999809265137,7.199999809265137,7.199999809265137,7.199999809265137,67,0.0,0.0
2013-10-08 00:00:00-04:00,7.199999809265137,7.199999809265137,6.599999904632568,6.599999904632568,550,0.0,0.0
2013-10-09 00:00:00-04:00,6.599999904632568,6.599999904632568,6.599999904632568,6.599999904632568,67,0.0,0.0
2013-10-10 00:00:00-04:00,5.760000228881836,6.239999771118164,5.760000228881836,6.239999771118164,383,0.0,0.0
2013-10-11 00:00:00-04:00,6.360000133514404,6.360000133514404,6.239999771118164,6.360000133514404,183,0.0,0.0
2013-10-14 00:00:00-04:00,6.360000133514404,6.360000133514404,6.360000133514404,6.360000133514404,0,0.0,0.0
2013-10-15 00:00:00-04:00,6.360000133514404,6.360000133514404,6.360000133514404,6.360000133514404,0,0.0,0.0
2013-10-16 00:00:00-04:00,7.199999809265137,7.800000190734863,7.199999809265137,7.800000190734863,267,0.0,0.0
2013-10-17 00:00:00-04:00,8.399999618530273,8.760000228881836,8.399999618530273,8.760000228881836,1883,0.0,0.0
2013-10-18 00:00:00-04:00,8.399999618530273,8.399999618530273,8.399999618530273,8.399999618530273,992,0.0,0.0
2013-10-21 00:00:00-04:00,8.399999618530273,8.399999618530273,8.399999618530273,8.399999618530273,0,0.0,0.0
2013-10-22 00:00:00-04:00,8.399999618530273,8.399999618530273,8.399999618530273,8.399999618530273,1450,0.0,0.0
2013-10-23 00:00:00-04:00,9.0,9.0,7.800000190734863,7.800000190734863,892,0.0,0.0
2013-10-24 00:00:00-04:00,8.399999618530273,8.399999618530273,8.399999618530273,8.399999618530273,42,0.0,0.0
2013-10-25 00:00:00-04:00,8.399999618530273,8.399999618530273,8.399999618530273,8.399999618530273,0,0.0,0.0
2013-10-28 00:00:00-04:00,8.399999618530273,8.399999618530273,6.0,7.079999923706055,2358,0.0,0.0
2013-10-29 00:00:00-04:00,8.760000228881836,9.0,8.399999618530273,9.0,375,0.0,0.0
2013-10-30 00:00:00-04:00,8.880000114440918,8.880000114440918,8.880000114440918,8.880000114440918,167,0.0,0.0
2013-10-31 00:00:00-04:00,8.880000114440918,8.880000114440918,8.880000114440918,8.880000114440918,0,0.0,0.0
2013-11-01 00:00:00-04:00,8.880000114440918,8.880000114440918,8.880000114440918,8.880000114440918,42,0.0,0.0
2013-11-04 00:00:00-05:00,8.15999984741211,8.15999984741211,8.15999984741211,8.15999984741211,175,0.0,0.0
2013-11-05 00:00:00-05:00,8.15999984741211,8.15999984741211,8.15999984741211,8.15999984741211,0,0.0,0.0
2013-11-06 00:00:00-05:00,8.640000343322754,8.640000343322754,8.640000343322754,8.640000343322754,242,0.0,0.0
2013-11-07 00:00:00-05:00,8.640000343322754,8.640000343322754,8.640000343322754,8.640000343322754,0,0.0,0.0
2013-11-08 00:00:00-05:00,6.360000133514404,8.520000457763672,6.360000133514404,8.520000457763672,83,0.0,0.0
2013-11-11 00:00:00-05:00,8.520000457763672,8.520000457763672,8.520000457763672,8.520000457763672,117,0.0,0.0
2013-11-12 00:00:00-05:00,8.520000457763672,8.520000457763672,8.520000457763672,8.520000457763672,0,0.0,0.0
2013-11-13 00:00:00-05:00,6.480000019073486,6.480000019073486,6.480000019073486,6.480000019073486,83,0.0,0.0
2013-11-14 00:00:00-05:00,6.480000019073486,8.279999732971191,6.480000019073486,8.279999732971191,417,0.0,0.0
2013-11-15 00:00:00-05:00,7.800000190734863,7.800000190734863,7.559999942779541,7.559999942779541,200,0.0,0.0
2013-11-18 00:00:00-05:00,6.599999904632568,6.599999904632568,6.480000019073486,6.480000019073486,1000,0.0,0.0
2013-11-19 00:00:00-05:00,7.199999809265137,7.199999809265137,7.199999809265137,7.199999809265137,250,0.0,0.0
2013-11-20 00:00:00-05:00,6.480000019073486,6.480000019073486,6.239999771118164,6.239999771118164,333,0.0,0.0
2013-11-21 00:00:00-05:00,6.239999771118164,6.239999771118164,6.239999771118164,6.239999771118164,0,0.0,0.0
2013-11-22 00:00:00-05:00,6.599999904632568,6.599999904632568,6.599999904632568,6.599999904632568,417,0.0,0.0
2013-11-25 00:00:00-05:00,8.279999732971191,8.279999732971191,7.199999809265137,7.800000190734863,1008,0.0,0.0
2013-11-26 00:00:00-05:00,7.800000190734863,7.800000190734863,7.800000190734863,7.800000190734863,0,0.0,0.0
2013-11-27 00:00:00-05:00,7.559999942779541,8.399999618530273,7.320000171661377,7.320000171661377,475,0.0,0.0
2013-11-29 00:00:00-05:00,8.399999618530273,8.399999618530273,8.399999618530273,8.399999618530273,333,0.0,0.0
2013-12-02 00:00:00-05:00,8.399999618530273,8.399999618530273,8.399999618530273,8.399999618530273,458,0.0,0.0
2013-12-03 00:00:00-05:00,8.520000457763672,8.520000457763672,8.520000457763672,8.520000457763672,33,0.0,0.0
2013-12-04 00:00:00-05:00,8.520000457763672,9.600000381469727,8.520000457763672,9.600000381469727,1758,0.0,0.0
2013-12-05 00:00:00-05:00,9.600000381469727,9.600000381469727,9.600000381469727,9.600000381469727,167,0.0,0.0
2013-12-06 00:00:00-05:00,8.760000228881836,8.760000228881836,8.279999732971191,8.279999732971191,383,0.0,0.0
2013-12-09 00:00:00-05:00,8.279999732971191,8.279999732971191,8.279999732971191,8.279999732971191,0,0.0,0.0
2013-12-10 00:00:00-05:00,8.279999732971191,8.279999732971191,6.599999904632568,6.599999904632568,417,0.0,0.0
2013-12-11 00:00:00-05:00,7.199999809265137,8.279999732971191,7.199999809265137,8.279999732971191,33,0.0,0.0
2013-12-12 00:00:00-05:00,8.279999732971191,8.279999732971191,8.279999732971191,8.279999732971191,8,0.0,0.0
2013-12-13 00:00:00-05:00,8.279999732971191,8.279999732971191,8.279999732971191,8.279999732971191,108,0.0,0.0
2013-12-16 00:00:00-05:00,7.199999809265137,7.199999809265137,6.71999979019165,6.71999979019165,283,0.0,0.0
2013-12-17 00:00:00-05:00,6.840000152587891,6.840000152587891,6.840000152587891,6.840000152587891,183,0.0,0.0
2013-12-18 00:00:00-05:00,6.840000152587891,6.840000152587891,6.840000152587891,6.840000152587891,0,0.0,0.0
2013-12-19 00:00:00-05:00,7.199999809265137,7.199999809265137,6.840000152587891,6.840000152587891,292,0.0,0.0
2013-12-20 00:00:00-05:00,7.679999828338623,8.039999961853027,7.679999828338623,8.039999961853027,425,0.0,0.0
2013-12-23 00:00:00-05:00,7.440000057220459,7.440000057220459,7.079999923706055,7.079999923706055,458,0.0,0.0
2013-12-24 00:00:00-05:00,6.840000152587891,6.840000152587891,6.840000152587891,6.840000152587891,625,0.0,0.0
2013-12-26 00:00:00-05:00,6.840000152587891,7.199999809265137,6.840000152587891,7.199999809265137,167,0.0,0.0
2013-12-27 00:00:00-05:00,6.840000152587891,6.840000152587891,6.840000152587891,6.840000152587891,33,0.0,0.0
2013-12-30 00:00:00-05:00,6.840000152587891,7.679999828338623,6.599999904632568,7.679999828338623,1258,0.0,0.0
2013-12-31 00:00:00-05:00,7.679999828338623,7.679999828338623,7.679999828338623,7.679999828338623,0,0.0,0.0
2014-01-02 00:00:00-05:00,6.599999904632568,6.599999904632568,6.599999904632568,6.599999904632568,175,0.0,0.0
2014-01-03 00:00:00-05:00,7.440000057220459,7.440000057220459,7.440000057220459,7.440000057220459,83,0.0,0.0
2014-01-06 00:00:00-05:00,7.320000171661377,7.320000171661377,6.480000019073486,6.480000019073486,683,0.0,0.0
2014-01-07 00:00:00-05:00,6.480000019073486,6.480000019073486,6.480000019073486,6.480000019073486,33,0.0,0.0
2014-01-08 00:00:00-05:00,6.840000152587891,7.199999809265137,6.599999904632568,7.199999809265137,1167,0.0,0.0
2014-01-09 00:00:00-05:00,6.599999904632568,6.599999904632568,6.599999904632568,6.599999904632568,267,0.0,0.0
2014-01-10 00:00:00-05:00,6.599999904632568,6.599999904632568,6.599999904632568,6.599999904632568,17,0.0,0.0
2014-01-13 00:00:00-05:00,7.199999809265137,7.199999809265137,6.960000038146973,6.960000038146973,158,0.0,0.0
2014-01-14 00:00:00-05:00,6.960000038146973,6.960000038146973,6.960000038146973,6.960000038146973,325,0.0,0.0
2014-01-15 00:00:00-05:00,7.199999809265137,7.199999809265137,7.199999809265137,7.199999809265137,75,0.0,0.0
2014-01-16 00:00:00-05:00,6.71999979019165,6.71999979019165,6.71999979019165,6.71999979019165,58,0.0,0.0
2014-01-17 00:00:00-05:00,6.960000038146973,7.199999809265137,6.960000038146973,7.199999809265137,1042,0.0,0.0
2014-01-21 00:00:00-05:00,6.840000152587891,6.840000152587891,6.840000152587891,6.840000152587891,408,0.0,0.0
2014-01-22 00:00:00-05:00,6.840000152587891,6.840000152587891,6.840000152587891,6.840000152587891,0,0.0,0.0
2014-01-23 00:00:00-05:00,6.840000152587891,6.840000152587891,6.840000152587891,6.840000152587891,0,0.0,0.0
2014-01-24 00:00:00-05:00,4.920000076293945,4.920000076293945,4.920000076293945,4.920000076293945,25,0.0,0.0
2014-01-27 00:00:00-05:00,6.960000038146973,6.960000038146973,6.960000038146973,6.960000038146973,250,0.0,0.0
2014-01-28 00:00:00-05:00,6.0,6.960000038146973,6.0,6.960000038146973,475,0.0,0.0
2014-01-29 00:00:00-05:00,6.0,6.0,6.0,6.0,100,0.0,0.0
2014-01-30 00:00:00-05:00,6.0,6.71999979019165,6.0,6.71999979019165,233,0.0,0.0
2014-01-31 00:00:00-05:00,6.71999979019165,6.71999979019165,6.71999979019165,6.71999979019165,0,0.0,0.0
2014-02-03 00:00:00-05:00,6.71999979019165,6.71999979019165,6.71999979019165,6.71999979019165,0,0.0,0.0
2014-02-04 00:00:00-05:00,6.599999904632568,6.599999904632568,6.599999904632568,6.599999904632568,250,0.0,0.0
2014-02-05 00:00:00-05:00,7.440000057220459,8.15999984741211,7.440000057220459,7.440000057220459,292,0.0,0.0
2014-02-06 00:00:00-05:00,8.15999984741211,8.15999984741211,7.199999809265137,7.199999809265137,100,0.0,0.0
2014-02-07 00:00:00-05:00,7.320000171661377,7.320000171661377,7.320000171661377,7.320000171661377,667,0.0,0.0
2014-02-10 00:00:00-05:00,7.800000190734863,7.800000190734863,7.679999828338623,7.679999828338623,117,0.0,0.0
2014-02-11 00:00:00-05:00,5.039999961853027,7.559999942779541,5.039999961853027,7.559999942779541,875,0.0,0.0
2014-02-12 00:00:00-05:00,7.559999942779541,7.559999942779541,7.559999942779541,7.559999942779541,125,0.0,0.0
2014-02-13 00:00:00-05:00,6.599999904632568,6.599999904632568,6.599999904632568,6.599999904632568,817,0.0,0.0
2014-02-14 00:00:00-05:00,6.119999885559082,7.559999942779541,6.119999885559082,7.559999942779541,242,0.0,0.0
2014-02-18 00:00:00-05:00,7.559999942779541,7.800000190734863,7.559999942779541,7.800000190734863,167,0.0,0.0
2014-02-19 00:00:00-05:00,7.199999809265137,7.199999809265137,6.239999771118164,6.239999771118164,817,0.0,0.0
2014-02-20 00:00:00-05:00,7.679999828338623,7.679999828338623,7.679999828338623,7.679999828338623,417,0.0,0.0
2014-02-21 00:00:00-05:00,7.199999809265137,7.199999809265137,7.199999809265137,7.199999809265137,608,0.0,0.0
2014-02-24 00:00:00-05:00,7.199999809265137,7.199999809265137,7.199999809265137,7.199999809265137,750,0.0,0.0
2014-02-25 00:00:00-05:00,6.239999771118164,6.360000133514404,6.0,6.239999771118164,1875,0.0,0.0
2014-02-26 00:00:00-05:00,5.760000228881836,6.119999885559082,5.760000228881836,6.119999885559082,875,0.0,0.0
2014-02-27 00:00:00-05:00,6.0,6.119999885559082,6.0,6.119999885559082,258,0.0,0.0
2014-02-28 00:00:00-05:00,6.119999885559082,6.119999885559082,6.119999885559082,6.119999885559082,0,0.0,0.0
2014-03-03 00:00:00-05:00,6.119999885559082,6.119999885559082,6.119999885559082,6.119999885559082,417,0.0,0.0
2014-03-04 00:00:00-05:00,6.119999885559082,6.119999885559082,6.119999885559082,6.119999885559082,167,0.0,0.0
2014-03-05 00:00:00-05:00,5.28000020980835,6.840000152587891,5.28000020980835,6.71999979019165,367,0.0,0.0
2014-03-06 00:00:00-05:00,6.71999979019165,6.71999979019165,6.71999979019165,6.71999979019165,0,0.0,0.0
2014-03-07 00:00:00-05:00,6.71999979019165,6.71999979019165,6.71999979019165,6.71999979019165,1267,0.0,0.0
2014-03-10 00:00:00-04:00,6.119999885559082,6.119999885559082,6.119999885559082,6.119999885559082,92,0.0,0.0
2014-03-11 00:00:00-04:00,6.119999885559082,6.119999885559082,6.119999885559082,6.119999885559082,83,0.0,0.0
2014-03-12 00:00:00-04:00,6.119999885559082,6.480000019073486,6.0,6.0,492,0.0,0.0
2014-03-13 00:00:00-04:00,6.0,6.0,6.0,6.0,133,0.0,0.0
2014-03-14 00:00:00-04:00,6.119999885559082,6.599999904632568,5.760000228881836,6.599999904632568,1325,0.0,0.0
2014-03-17 00:00:00-04:00,9.359999656677246,9.359999656677246,6.0,6.0,150,0.0,0.0
2014-03-18 00:00:00-04:00,6.360000133514404,6.360000133514404,5.400000095367432,5.400000095367432,492,0.0,0.0
2014-03-19 00:00:00-04:00,5.519999980926514,5.519999980926514,5.519999980926514,5.519999980926514,50,0.0,0.0
2014-03-20 00:00:00-04:00,6.360000133514404,6.360000133514404,6.360000133514404,6.360000133514404,333,0.0,0.0
2014-03-21 00:00:00-04:00,6.480000019073486,6.480000019073486,6.480000019073486,6.480000019073486,167,0.0,0.0
2014-03-24 00:00:00-04:00,6.480000019073486,6.480000019073486,6.480000019073486,6.480000019073486,0,0.0,0.0
2014-03-25 00:00:00-04:00,6.480000019073486,6.480000019073486,6.480000019073486,6.480000019073486,0,0.0,0.0
2014-03-26 00:00:00-04:00,6.480000019073486,6.480000019073486,6.480000019073486,6.480000019073486,0,0.0,0.0
2014-03-27 00:00:00-04:00,6.480000019073486,6.480000019073486,6.480000019073486,6.480000019073486,0,0.0,0.0
2014-03-28 00:00:00-04:00,6.480000019073486,6.480000019073486,6.480000019073486,6.480000019073486,92,0.0,0.0
2014-03-31 00:00:00-04:00,6.840000152587891,6.840000152587891,6.840000152587891,6.840000152587891,425,0.0,0.0
2014-04-01 00:00:00-04:00,5.519999980926514,5.519999980926514,5.519999980926514,5.519999980926514,58,0.0,0.0
2014-04-02 00:00:00-04:00,5.760000228881836,6.0,5.760000228881836,6.0,108,0.0,0.0
2014-04-03 00:00:00-04:00,6.119999885559082,6.119999885559082,6.119999885559082,6.119999885559082,83,0.0,0.0
2014-04-04 00:00:00-04:00,6.0,6.0,6.0,6.0,333,0.0,0.0
2014-04-07 00:00:00-04:00,5.760000228881836,5.880000114440918,5.760000228881836,5.880000114440918,125,0.0,0.0
2014-04-08 00:00:00-04:00,5.880000114440918,5.880000114440918,5.880000114440918,5.880000114440918,0,0.0,0.0
2014-04-09 00:00:00-04:00,6.0,6.0,6.0,6.0,225,0.0,0.0
2014-04-10 00:00:00-04:00,5.760000228881836,5.760000228881836,5.760000228881836,5.760000228881836,100,0.0,0.0
2014-04-11 00:00:00-04:00,7.199999809265137,7.199999809265137,7.199999809265137,7.199999809265137,417,0.0,0.0
2014-04-14 00:00:00-04:00,5.880000114440918,5.880000114440918,5.880000114440918,5.880000114440918,8,0.0,0.0
2014-04-15 00:00:00-04:00,5.519999980926514,6.599999904632568,5.519999980926514,6.0,9325,0.0,0.0
2014-04-16 00:00:00-04:00,6.0,6.0,5.880000114440918,6.0,17250,0.0,0.0
2014-04-17 00:00:00-04:00,5.880000114440918,5.880000114440918,5.880000114440918,5.880000114440918,425,0.0,0.0
2014-04-21 00:00:00-04:00,5.880000114440918,5.880000114440918,5.880000114440918,5.880000114440918,117,0.0,0.0
2014-04-22 00:00:00-04:00,5.880000114440918,5.880000114440918,5.880000114440918,5.880000114440918,0,0.0,0.0
2014-04-23 00:00:00-04:00,5.880000114440918,5.880000114440918,5.880000114440918,5.880000114440918,0,0.0,0.0
2014-04-24 00:00:00-04:00,5.880000114440918,5.880000114440918,5.880000114440918,5.880000114440918,0,0.0,0.0
2014-04-25 00:00:00-04:00,5.880000114440918,6.360000133514404,5.880000114440918,6.360000133514404,1592,0.0,0.0
2014-04-28 00:00:00-04:00,5.519999980926514,5.880000114440918,5.519999980926514,5.880000114440918,1033,0.0,0.0
2014-04-29 00:00:00-04:00,6.239999771118164,6.360000133514404,6.239999771118164,6.360000133514404,283,0.0,0.0
2014-04-30 00:00:00-04:00,6.360000133514404,6.360000133514404,6.360000133514404,6.360000133514404,0,0.0,0.0
2014-05-01 00:00:00-04:00,6.360000133514404,6.360000133514404,6.360000133514404,6.360000133514404,1667,0.0,0.0
2014-05-02 00:00:00-04:00,6.360000133514404,6.360000133514404,6.360000133514404,6.360000133514404,0,0.0,0.0
2014-05-05 00:00:00-04:00,6.360000133514404,6.360000133514404,6.239999771118164,6.239999771118164,67,0.0,0.0
2014-05-06 00:00:00-04:00,5.28000020980835,6.239999771118164,5.28000020980835,6.239999771118164,92,0.0,0.0
2014-05-07 00:00:00-04:00,5.28000020980835,6.239999771118164,5.28000020980835,6.239999771118164,167,0.0,0.0
2014-05-08 00:00:00-04:00,5.28000020980835,6.239999771118164,5.28000020980835,5.639999866485596,925,0.0,0.0
2014-05-09 00:00:00-04:00,5.28000020980835,6.239999771118164,5.28000020980835,6.0,2125,0.0,0.0
2014-05-12 00:00:00-04:00,5.28000020980835,6.239999771118164,5.28000020980835,6.239999771118164,458,0.0,0.0
2014-05-13 00:00:00-04:00,5.400000095367432,6.119999885559082,5.400000095367432,6.119999885559082,875,0.0,0.0
2014-05-14 00:00:00-04:00,5.28000020980835,6.239999771118164,5.28000020980835,6.0,3600,0.0,0.0
2014-05-15 00:00:00-04:00,6.0,6.0,6.0,6.0,0,0.0,0.0
2014-05-16 00:00:00-04:00,5.519999980926514,6.119999885559082,5.519999980926514,6.119999885559082,33,0.0,0.0
2014-05-19 00:00:00-04:00,5.519999980926514,6.239999771118164,5.519999980926514,6.239999771118164,1025,0.0,0.0
2014-05-20 00:00:00-04:00,6.239999771118164,6.239999771118164,6.239999771118164,6.239999771118164,0,0.0,0.0
2014-05-21 00:00:00-04:00,6.239999771118164,6.239999771118164,6.239999771118164,6.239999771118164,0,0.0,0.0
2014-05-22 00:00:00-04:00,6.239999771118164,6.239999771118164,6.239999771118164,6.239999771118164,0,0.0,0.0
2014-05-23 00:00:00-04:00,6.0,6.0,5.519999980926514,6.0,1583,0.0,0.0
2014-05-27 00:00:00-04:00,6.239999771118164,6.239999771118164,6.239999771118164,6.239999771118164,0,0.0,0.0
2014-05-28 00:00:00-04:00,5.519999980926514,6.0,5.519999980926514,6.0,383,0.0,0.0
2014-05-29 00:00:00-04:00,6.0,6.0,6.0,6.0,83,0.0,0.0
2014-05-30 00:00:00-04:00,6.0,6.0,6.0,6.0,0,0.0,0.0
2014-06-02 00:00:00-04:00,6.0,6.0,6.0,6.0,83,0.0,0.0
2014-06-03 00:00:00-04:00,5.519999980926514,6.0,5.519999980926514,6.0,183,0.0,0.0
2014-06-04 00:00:00-04:00,5.519999980926514,6.0,5.519999980926514,6.0,100,0.0,0.0
2014-06-05 00:00:00-04:00,5.28000020980835,6.0,5.28000020980835,6.0,100,0.0,0.0
2014-06-06 00:00:00-04:00,6.0,6.0,6.0,6.0,0,0.0,0.0
2014-06-09 00:00:00-04:00,5.28000020980835,6.0,5.28000020980835,6.0,25,0.0,0.0
2014-06-10 00:00:00-04:00,5.28000020980835,5.28000020980835,4.920000076293945,5.28000020980835,1342,0.0,0.0
2014-06-11 00:00:00-04:00,5.28000020980835,5.28000020980835,5.039999961853027,5.28000020980835,267,0.0,0.0
2014-06-12 00:00:00-04:00,5.039999961853027,5.039999961853027,5.039999961853027,5.039999961853027,17,0.0,0.0
2014-06-13 00:00:00-04:00,5.039999961853027,5.039999961853027,5.039999961853027,5.039999961853027,0,0.0,0.0
2014-06-16 00:00:00-04:00,5.28000020980835,5.28000020980835,5.039999961853027,5.039999961853027,125,0.0,0.0
2014-06-17 00:00:00-04:00,5.039999961853027,5.039999961853027,5.039999961853027,5.039999961853027,0,0.0,0.0
2014-06-18 00:00:00-04:00,4.920000076293945,5.400000095367432,4.559999942779541,5.400000095367432,200,0.0,0.0
2014-06-19 00:00:00-04:00,5.400000095367432,5.400000095367432,5.400000095367432,5.400000095367432,0,0.0,0.0
2014-06-20 00:00:00-04:00,5.400000095367432,5.400000095367432,5.400000095367432,5.400000095367432,0,0.0,0.0
2014-06-23 00:00:00-04:00,4.079999923706055,5.400000095367432,4.079999923706055,5.400000095367432,267,0.0,0.0
2014-06-24 00:00:00-04:00,4.079999923706055,5.400000095367432,4.079999923706055,5.400000095367432,50,0.0,0.0
2014-06-25 00:00:00-04:00,5.400000095367432,5.400000095367432,5.400000095367432,5.400000095367432,0,0.0,0.0
2014-06-26 00:00:00-04:00,5.400000095367432,5.400000095367432,5.400000095367432,5.400000095367432,0,0.0,0.0
2014-06-27 00:00:00-04:00,6.0,6.0,4.800000190734863,4.800000190734863,2542,0.0,0.0
2014-06-30 00:00:00-04:00,6.0,6.0,6.0,6.0,858,0.0,0.0
2014-07-01 00:00:00-04:00,6.599999904632568,6.599999904632568,6.0,6.239999771118164,450,0.0,0.0
2014-07-02 00:00:00-04:00,6.239999771118164,6.239999771118164,6.239999771118164,6.239999771118164,0,0.0,0.0
2014-07-03 00:00:00-04:00,5.400000095367432,6.239999771118164,5.400000095367432,6.239999771118164,83,0.0,0.0
2014-07-07 00:00:00-04:00,6.0,6.0,6.0,6.0,167,0.0,0.0
2014-07-08 00:00:00-04:00,6.0,6.0,6.0,6.0,342,0.0,0.0
2014-07-09 00:00:00-04:00,6.0,6.0,6.0,6.0,0,0.0,0.0
2014-07-10 00:00:00-04:00,5.400000095367432,6.239999771118164,5.400000095367432,6.239999771118164,58,0.0,0.0
2014-07-11 00:00:00-04:00,5.519999980926514,6.0,5.159999847412109,6.0,875,0.0,0.0
2014-07-14 00:00:00-04:00,6.0,6.0,6.0,6.0,0,0.0,0.0
2014-07-15 00:00:00-04:00,5.400000095367432,5.400000095367432,5.400000095367432,5.400000095367432,125,0.0,0.0
2014-07-16 00:00:00-04:00,6.0,6.239999771118164,6.0,6.0,542,0.0,0.0
2014-07-17 00:00:00-04:00,6.0,6.0,6.0,6.0,0,0.0,0.0
2014-07-18 00:00:00-04:00,6.0,6.0,6.0,6.0,83,0.0,0.0
2014-07-21 00:00:00-04:00,6.0,6.0,6.0,6.0,283,0.0,0.0
2014-07-22 00:00:00-04:00,6.0,6.0,6.0,6.0,0,0.0,0.0
2014-07-23 00:00:00-04:00,6.0,6.0,6.0,6.0,0,0.0,0.0
2014-07-24 00:00:00-04:00,6.0,6.0,6.0,6.0,0,0.0,0.0
2014-07-25 00:00:00-04:00,6.239999771118164,6.239999771118164,6.239999771118164,6.239999771118164,17,0.0,0.0
2014-07-28 00:00:00-04:00,6.599999904632568,6.599999904632568,6.599999904632568,6.599999904632568,17,0.0,0.0
2014-07-29 00:00:00-04:00,6.0,6.599999904632568,6.0,6.360000133514404,4425,0.0,0.0
2014-07-30 00:00:00-04:00,6.0,6.360000133514404,5.519999980926514,6.360000133514404,558,0.0,0.0
2014-07-31 00:00:00-04:00,6.360000133514404,6.360000133514404,6.360000133514404,6.360000133514404,25,0.0,0.0
2014-08-01 00:00:00-04:00,6.360000133514404,6.360000133514404,6.360000133514404,6.360000133514404,0,0.0,0.0
2014-08-04 00:00:00-04:00,6.119999885559082,6.119999885559082,6.119999885559082,6.119999885559082,8,0.0,0.0
2014-08-05 00:00:00-04:00,6.119999885559082,7.559999942779541,6.119999885559082,7.559999942779541,892,0.0,0.0
2014-08-06 00:00:00-04:00,6.119999885559082,7.559999942779541,6.0,6.960000038146973,300,0.0,0.0
2014-08-07 00:00:00-04:00,6.239999771118164,7.559999942779541,6.0,7.199999809265137,708,0.0,0.0
2014-08-08 00:00:00-04:00,7.559999942779541,7.559999942779541,7.199999809265137,7.199999809265137,342,0.0,0.0
2014-08-11 00:00:00-04:00,7.199999809265137,7.199999809265137,7.199999809265137,7.199999809265137,50,0.0,0.0
2014-08-12 00:00:00-04:00,7.199999809265137,7.199999809265137,7.199999809265137,7.199999809265137,167,0.0,0.0
2014-08-13 00:00:00-04:00,7.199999809265137,7.199999809265137,7.199999809265137,7.199999809265137,0,0.0,0.0
2014-08-14 00:00:00-04:00,6.119999885559082,7.559999942779541,6.119999885559082,7.559999942779541,67,0.0,0.0
2014-08-15 00:00:00-04:00,7.559999942779541,7.559999942779541,7.559999942779541,7.559999942779541,0,0.0,0.0
2014-08-18 00:00:00-04:00,7.559999942779541,7.559999942779541,6.119999885559082,7.559999942779541,158,0.0,0.0
2014-08-19 00:00:00-04:00,7.559999942779541,7.559999942779541,7.559999942779541,7.559999942779541,0,0.0,0.0
2014-08-20 00:00:00-04:00,6.480000019073486,6.480000019073486,6.480000019073486,6.480000019073486,75,0.0,0.0
2014-08-21 00:00:00-04:00,6.480000019073486,7.559999942779541,6.480000019073486,7.559999942779541,50,0.0,0.0
2014-08-22 00:00:00-04:00,7.199999809265137,7.559999942779541,7.199999809265137,7.559999942779541,108,0.0,0.0
2014-08-25 00:00:00-04:00,6.599999904632568,7.559999942779541,6.599999904632568,7.559999942779541,50,0.0,0.0
2014-08-26 00:00:00-04:00,7.559999942779541,10.800000190734863,7.559999942779541,9.960000038146973,3758,0.0,0.0
2014-08-27 00:00:00-04:00,9.600000381469727,9.84000015258789,9.600000381469727,9.84000015258789,1208,0.0,0.0
2014-08-28 00:00:00-04:00,10.199999809265137,12.0,10.079999923706055,11.399999618530273,2708,0.0,0.0
2014-08-29 00:00:00-04:00,11.399999618530273,11.399999618530273,9.84000015258789,10.800000190734863,833,0.0,0.0
2014-09-02 00:00:00-04:00,10.800000190734863,10.800000190734863,10.800000190734863,10.800000190734863,0,0.0,0.0
2014-09-03 00:00:00-04:00,10.800000190734863,10.800000190734863,10.800000190734863,10.800000190734863,0,0.0,0.0
2014-09-04 00:00:00-04:00,7.679999828338623,7.679999828338623,7.679999828338623,7.679999828338623,242,0.0,0.0
2014-09-05 00:00:00-04:00,6.480000019073486,9.0,6.480000019073486,7.800000190734863,200,0.0,0.0
2014-09-08 00:00:00-04:00,7.800000190734863,9.0,7.800000190734863,7.800000190734863,733,0.0,0.0
2014-09-09 00:00:00-04:00,7.800000190734863,7.800000190734863,7.800000190734863,7.800000190734863,2492,0.0,0.0
2014-09-10 00:00:00-04:00,7.800000190734863,8.399999618530273,7.800000190734863,8.399999618530273,2758,0.0,0.0
2014-09-11 00:00:00-04:00,6.239999771118164,8.399999618530273,6.239999771118164,7.199999809265137,2100,0.0,0.0
2014-09-12 00:00:00-04:00,9.0,9.0,8.399999618530273,9.0,5608,0.0,0.0
2014-09-15 00:00:00-04:00,8.399999618530273,8.880000114440918,8.399999618530273,8.880000114440918,183,0.0,0.0
2014-09-16 00:00:00-04:00,8.399999618530273,8.399999618530273,8.399999618530273,8.399999618530273,33,0.0,0.0
2014-09-17 00:00:00-04:00,7.800000190734863,8.279999732971191,7.679999828338623,8.15999984741211,1083,0.0,0.0
2014-09-18 00:00:00-04:00,7.199999809265137,8.15999984741211,7.199999809265137,8.15999984741211,433,0.0,0.0
2014-09-19 00:00:00-04:00,7.199999809265137,7.199999809265137,6.960000038146973,6.960000038146973,3192,0.0,0.0
2014-09-22 00:00:00-04:00,6.480000019073486,7.800000190734863,6.480000019073486,7.800000190734863,33,0.0,0.0
2014-09-23 00:00:00-04:00,7.800000190734863,7.800000190734863,7.800000190734863,7.800000190734863,0,0.0,0.0
2014-09-24 00:00:00-04:00,6.599999904632568,6.599999904632568,6.360000133514404,6.360000133514404,150,0.0,0.0
2014-09-25 00:00:00-04:00,6.360000133514404,6.360000133514404,6.360000133514404,6.360000133514404,83,0.0,0.0
2014-09-26 00:00:00-04:00,6.0,6.599999904632568,6.0,6.599999904632568,300,0.0,0.0
2014-09-29 00:00:00-04:00,6.0,6.480000019073486,5.760000228881836,5.760000228881836,283,0.0,0.0
2014-09-30 00:00:00-04:00,5.760000228881836,6.480000019073486,5.760000228881836,6.480000019073486,233,0.0,0.0
2014-10-01 00:00:00-04:00,5.519999980926514,6.480000019073486,5.519999980926514,6.360000133514404,492,0.0,0.0
2014-10-02 00:00:00-04:00,6.360000133514404,6.360000133514404,6.360000133514404,6.360000133514404,0,0.0,0.0
2014-10-03 00:00:00-04:00,5.519999980926514,6.0,4.679999828338623,6.0,1792,0.0,0.0
2014-10-06 00:00:00-04:00,6.0,6.0,6.0,6.0,0,0.0,0.0
2014-10-07 00:00:00-04:00,6.119999885559082,6.480000019073486,6.119999885559082,6.480000019073486,100,0.0,0.0
2014-10-08 00:00:00-04:00,5.519999980926514,6.480000019073486,5.519999980926514,6.480000019073486,75,0.0,0.0
2014-10-09 00:00:00-04:00,6.480000019073486,6.480000019073486,6.480000019073486,6.480000019073486,17,0.0,0.0
2014-10-10 00:00:00-04:00,6.0,6.480000019073486,6.0,6.480000019073486,100,0.0,0.0
2014-10-13 00:00:00-04:00,6.480000019073486,6.480000019073486,6.480000019073486,6.480000019073486,0,0.0,0.0
2014-10-14 00:00:00-04:00,6.0,6.599999904632568,6.0,6.599999904632568,342,0.0,0.0
2014-10-15 00:00:00-04:00,6.0,7.800000190734863,6.0,7.800000190734863,433,0.0,0.0
2014-10-16 00:00:00-04:00,7.800000190734863,7.800000190734863,7.800000190734863,7.800000190734863,42,0.0,0.0
2014-10-17 00:00:00-04:00,6.0,7.199999809265137,6.0,7.199999809265137,258,0.0,0.0
2014-10-20 00:00:00-04:00,7.199999809265137,7.199999809265137,7.199999809265137,7.199999809265137,83,0.0,0.0
2014-10-21 00:00:00-04:00,6.0,7.440000057220459,6.0,7.440000057220459,75,0.0,0.0
2014-10-22 00:00:00-04:00,7.440000057220459,7.440000057220459,7.440000057220459,7.440000057220459,0,0.0,0.0
2014-10-23 00:00:00-04:00,7.199999809265137,7.199999809265137,6.599999904632568,7.199999809265137,350,0.0,0.0
2014-10-24 00:00:00-04:00,7.199999809265137,7.199999809265137,7.199999809265137,7.199999809265137,108,0.0,0.0
2014-10-27 00:00:00-04:00,7.800000190734863,7.800000190734863,7.800000190734863,7.800000190734863,800,0.0,0.0
2014-10-28 00:00:00-04:00,7.800000190734863,7.800000190734863,7.199999809265137,7.199999809265137,183,0.0,0.0
2014-10-29 00:00:00-04:00,7.199999809265137,7.199999809265137,7.199999809265137,7.199999809265137,0,0.0,0.0
2014-10-30 00:00:00-04:00,6.599999904632568,7.199999809265137,6.360000133514404,7.199999809265137,217,0.0,0.0
2014-10-31 00:00:00-04:00,7.199999809265137,7.199999809265137,6.960000038146973,7.079999923706055,250,0.0,0.0
2014-11-03 00:00:00-05:00,8.399999618530273,8.399999618530273,7.199999809265137,7.199999809265137,1142,0.0,0.0
2014-11-04 00:00:00-05:00,7.199999809265137,7.199999809265137,7.079999923706055,7.079999923706055,175,0.0,0.0
2014-11-05 00:00:00-05:00,6.599999904632568,6.599999904632568,6.360000133514404,6.360000133514404,467,0.0,0.0
2014-11-06 00:00:00-05:00,6.360000133514404,6.360000133514404,6.360000133514404,6.360000133514404,0,0.0,0.0
2014-11-07 00:00:00-05:00,6.599999904632568,6.599999904632568,6.0,6.480000019073486,2667,0.0,0.0
2014-11-10 00:00:00-05:00,6.360000133514404,6.599999904632568,6.360000133514404,6.599999904632568,192,0.0,0.0
2014-11-11 00:00:00-05:00,6.119999885559082,7.920000076293945,6.119999885559082,6.119999885559082,383,0.0,0.0
2014-11-12 00:00:00-05:00,7.920000076293945,7.920000076293945,7.920000076293945,7.920000076293945,8,0.0,0.0
2014-11-13 00:00:00-05:00,7.920000076293945,7.920000076293945,6.599999904632568,6.599999904632568,2600,0.0,0.0
2014-11-14 00:00:00-05:00,6.599999904632568,7.199999809265137,6.360000133514404,7.199999809265137,425,0.0,0.0
2014-11-17 00:00:00-05:00,6.480000019073486,8.039999961853027,6.480000019073486,6.840000152587891,117,0.0,0.0
2014-11-18 00:00:00-05:00,6.599999904632568,6.599999904632568,6.599999904632568,6.599999904632568,25,0.0,0.0
2014-11-19 00:00:00-05:00,6.599999904632568,6.599999904632568,6.599999904632568,6.599999904632568,0,0.0,0.0
2014-11-20 00:00:00-05:00,6.599999904632568,6.599999904632568,6.599999904632568,6.599999904632568,0,0.0,0.0
2014-11-21 00:00:00-05:00,6.599999904632568,6.599999904632568,6.599999904632568,6.599999904632568,42,0.0,0.0
2014-11-24 00:00:00-05:00,6.599999904632568,8.399999618530273,6.599999904632568,8.399999618530273,258,0.0,0.0
2014-11-25 00:00:00-05:00,7.679999828338623,7.679999828338623,6.840000152587891,7.559999942779541,150,0.0,0.0
2014-11-26 00:00:00-05:00,7.800000190734863,8.279999732971191,7.800000190734863,8.279999732971191,1308,0.0,0.0
2014-11-28 00:00:00-05:00,7.920000076293945,7.920000076293945,7.800000190734863,7.800000190734863,117,0.0,0.0
2014-12-01 00:00:00-05:00,7.800000190734863,7.800000190734863,7.079999923706055,7.079999923706055,1767,0.0,0.0
2014-12-02 00:00:00-05:00,7.079999923706055,7.079999923706055,7.079999923706055,7.079999923706055,0,0.0,0.0
2014-12-03 00:00:00-05:00,7.199999809265137,7.199999809265137,7.199999809265137,7.199999809265137,33,0.0,0.0
2014-12-04 00:00:00-05:00,7.199999809265137,7.199999809265137,7.199999809265137,7.199999809265137,0,0.0,0.0
2014-12-05 00:00:00-05:00,7.199999809265137,7.199999809265137,7.199999809265137,7.199999809265137,83,0.0,0.0
2014-12-08 00:00:00-05:00,6.840000152587891,7.559999942779541,6.599999904632568,6.599999904632568,2608,0.0,0.0
2014-12-09 00:00:00-05:00,7.199999809265137,7.199999809265137,7.199999809265137,7.199999809265137,67,0.0,0.0
2014-12-10 00:00:00-05:00,7.800000190734863,8.399999618530273,7.800000190734863,7.800000190734863,883,0.0,0.0
2014-12-11 00:00:00-05:00,8.399999618530273,8.399999618530273,7.800000190734863,7.800000190734863,1392,0.0,0.0
2014-12-12 00:00:00-05:00,7.320000171661377,8.039999961853027,7.199999809265137,7.559999942779541,1375,0.0,0.0
2014-12-15 00:00:00-05:00,7.559999942779541,7.559999942779541,6.599999904632568,7.199999809265137,1325,0.0,0.0
2014-12-16 00:00:00-05:00,7.199999809265137,7.199999809265137,6.599999904632568,7.079999923706055,842,0.0,0.0
2014-12-17 00:00:00-05:00,6.599999904632568,7.199999809265137,6.599999904632568,6.599999904632568,758,0.0,0.0
2014-12-18 00:00:00-05:00,6.599999904632568,7.199999809265137,6.599999904632568,7.199999809265137,1108,0.0,0.0
2014-12-19 00:00:00-05:00,6.480000019073486,6.71999979019165,4.920000076293945,6.599999904632568,692,0.0,0.0
2014-12-22 00:00:00-05:00,6.599999904632568,6.599999904632568,6.599999904632568,6.599999904632568,0,0.0,0.0
2014-12-23 00:00:00-05:00,7.199999809265137,7.199999809265137,5.519999980926514,5.519999980926514,2542,0.0,0.0
2014-12-24 00:00:00-05:00,5.519999980926514,6.360000133514404,5.519999980926514,6.360000133514404,17,0.0,0.0
2014-12-26 00:00:00-05:00,6.360000133514404,6.360000133514404,6.360000133514404,6.360000133514404,0,0.0,0.0
2014-12-29 00:00:00-05:00,6.239999771118164,6.239999771118164,5.639999866485596,5.639999866485596,175,0.0,0.0
2014-12-30 00:00:00-05:00,5.760000228881836,5.760000228881836,5.519999980926514,5.760000228881836,367,0.0,0.0
2014-12-31 00:00:00-05:00,5.760000228881836,6.960000038146973,5.639999866485596,6.960000038146973,2058,0.0,0.0
2015-01-02 00:00:00-05:00,6.960000038146973,6.960000038146973,6.960000038146973,6.960000038146973,0,0.0,0.0
2015-01-05 00:00:00-05:00,6.0,6.119999885559082,5.400000095367432,6.119999885559082,1308,0.0,0.0
2015-01-06 00:00:00-05:00,6.360000133514404,7.199999809265137,6.360000133514404,7.199999809265137,625,0.0,0.0
2015-01-07 00:00:00-05:00,7.199999809265137,7.199999809265137,7.199999809265137,7.199999809265137,0,0.0,0.0
2015-01-08 00:00:00-05:00,7.559999942779541,7.559999942779541,7.320000171661377,7.320000171661377,33,0.0,0.0
2015-01-09 00:00:00-05:00,6.360000133514404,6.71999979019165,6.360000133514404,6.480000019073486,217,0.0,0.0
2015-01-12 00:00:00-05:00,5.400000095367432,7.199999809265137,5.400000095367432,6.840000152587891,458,0.0,0.0
2015-01-13 00:00:00-05:00,5.039999961853027,6.840000152587891,4.559999942779541,4.559999942779541,2242,0.0,0.0
2015-01-14 00:00:00-05:00,6.71999979019165,6.71999979019165,6.71999979019165,6.71999979019165,8,0.0,0.0
2015-01-15 00:00:00-05:00,6.71999979019165,6.71999979019165,6.71999979019165,6.71999979019165,0,0.0,0.0
2015-01-16 00:00:00-05:00,6.71999979019165,6.71999979019165,5.400000095367432,6.0,1467,0.0,0.0
2015-01-20 00:00:00-05:00,4.800000190734863,5.880000114440918,4.800000190734863,5.400000095367432,958,0.0,0.0
2015-01-21 00:00:00-05:00,4.800000190734863,5.880000114440918,4.800000190734863,5.400000095367432,567,0.0,0.0
2015-01-22 00:00:00-05:00,5.400000095367432,5.880000114440918,5.400000095367432,5.880000114440918,1317,0.0,0.0
2015-01-23 00:00:00-05:00,5.880000114440918,5.880000114440918,5.880000114440918,5.880000114440918,17,0.0,0.0
2015-01-26 00:00:00-05:00,5.639999866485596,5.880000114440918,5.159999847412109,5.880000114440918,575,0.0,0.0
2015-01-27 00:00:00-05:00,5.880000114440918,6.239999771118164,5.400000095367432,6.239999771118164,3283,0.0,0.0
2015-01-28 00:00:00-05:00,6.239999771118164,6.599999904632568,5.400000095367432,5.400000095367432,1683,0.0,0.0
2015-01-29 00:00:00-05:00,5.400000095367432,6.599999904632568,5.400000095367432,6.599999904632568,2275,0.0,0.0
2015-01-30 00:00:00-05:00,6.599999904632568,7.800000190734863,6.119999885559082,7.679999828338623,2225,0.0,0.0
2015-02-02 00:00:00-05:00,9.0,9.0,7.559999942779541,7.800000190734863,550,0.0,0.0
2015-02-03 00:00:00-05:00,8.039999961853027,8.399999618530273,6.360000133514404,6.360000133514404,975,0.0,0.0
2015-02-04 00:00:00-05:00,6.360000133514404,6.360000133514404,6.360000133514404,6.360000133514404,250,0.0,0.0
2015-02-05 00:00:00-05:00,6.599999904632568,6.599999904632568,6.599999904632568,6.599999904632568,17,0.0,0.0
2015-02-06 00:00:00-05:00,7.679999828338623,7.800000190734863,7.679999828338623,7.800000190734863,108,0.0,0.0
2015-02-09 00:00:00-05:00,7.800000190734863,7.800000190734863,7.800000190734863,7.800000190734863,50,0.0,0.0
2015-02-10 00:00:00-05:00,7.079999923706055,7.440000057220459,6.0,7.199999809265137,417,0.0,0.0
2015-02-11 00:00:00-05:00,7.199999809265137,7.199999809265137,6.599999904632568,7.079999923706055,158,0.0,0.0
2015-02-12 00:00:00-05:00,7.079999923706055,7.079999923706055,7.079999923706055,7.079999923706055,633,0.0,0.0
2015-02-13 00:00:00-05:00,7.079999923706055,7.079999923706055,7.079999923706055,7.079999923706055,967,0.0,0.0
2015-02-17 00:00:00-05:00,7.199999809265137,7.440000057220459,6.599999904632568,7.440000057220459,1267,0.0,0.0
2015-02-18 00:00:00-05:00,7.800000190734863,7.800000190734863,7.800000190734863,7.800000190734863,2075,0.0,0.0
2015-02-19 00:00:00-05:00,8.880000114440918,8.880000114440918,7.559999942779541,7.559999942779541,17,0.0,0.0
2015-02-20 00:00:00-05:00,8.399999618530273,8.399999618530273,8.279999732971191,8.279999732971191,517,0.0,0.0
2015-02-23 00:00:00-05:00,8.279999732971191,8.399999618530273,8.279999732971191,8.279999732971191,2750,0.0,0.0
2015-02-24 00:00:00-05:00,8.15999984741211,8.15999984741211,8.15999984741211,8.15999984741211,50,0.0,0.0
2015-02-25 00:00:00-05:00,8.15999984741211,8.15999984741211,8.15999984741211,8.15999984741211,0,0.0,0.0
2015-02-26 00:00:00-05:00,8.279999732971191,8.279999732971191,8.039999961853027,8.039999961853027,217,0.0,0.0
2015-02-27 00:00:00-05:00,7.800000190734863,7.800000190734863,7.199999809265137,7.199999809265137,108,0.0,0.0
2015-03-02 00:00:00-05:00,7.320000171661377,7.800000190734863,7.320000171661377,7.679999828338623,658,0.0,0.0
2015-03-03 00:00:00-05:00,7.559999942779541,7.559999942779541,6.599999904632568,7.320000171661377,267,0.0,0.0
2015-03-04 00:00:00-05:00,7.320000171661377,7.320000171661377,7.320000171661377,7.320000171661377,0,0.0,0.0
2015-03-05 00:00:00-05:00,7.320000171661377,7.320000171661377,7.320000171661377,7.320000171661377,0,0.0,0.0
2015-03-06 00:00:00-05:00,7.800000190734863,7.920000076293945,7.679999828338623,7.679999828338623,758,0.0,0.0
2015-03-09 00:00:00-04:00,7.679999828338623,7.679999828338623,7.679999828338623,7.679999828338623,0,0.0,0.0
2015-03-10 00:00:00-04:00,7.800000190734863,8.15999984741211,7.800000190734863,8.15999984741211,350,0.0,0.0
2015-03-11 00:00:00-04:00,8.15999984741211,8.760000228881836,7.920000076293945,8.760000228881836,542,0.0,0.0
2015-03-12 00:00:00-04:00,8.640000343322754,8.640000343322754,7.920000076293945,8.399999618530273,883,0.0,0.0
2015-03-13 00:00:00-04:00,7.679999828338623,7.679999828338623,7.199999809265137,7.679999828338623,425,0.0,0.0
2015-03-16 00:00:00-04:00,8.399999618530273,8.399999618530273,7.559999942779541,7.559999942779541,567,0.0,0.0
2015-03-17 00:00:00-04:00,7.199999809265137,7.199999809265137,6.360000133514404,7.199999809265137,967,0.0,0.0
2015-03-18 00:00:00-04:00,7.199999809265137,7.199999809265137,7.199999809265137,7.199999809265137,33,0.0,0.0
2015-03-19 00:00:00-04:00,7.199999809265137,7.199999809265137,7.199999809265137,7.199999809265137,133,0.0,0.0
2015-03-20 00:00:00-04:00,6.480000019073486,7.079999923706055,6.480000019073486,6.960000038146973,317,0.0,0.0
2015-03-23 00:00:00-04:00,6.480000019073486,6.599999904632568,6.119999885559082,6.599999904632568,833,0.0,0.0
2015-03-24 00:00:00-04:00,6.119999885559082,6.119999885559082,6.119999885559082,6.119999885559082,108,0.0,0.0
2015-03-25 00:00:00-04:00,6.599999904632568,6.599999904632568,6.119999885559082,6.599999904632568,725,0.0,0.0
2015-03-26 00:00:00-04:00,6.840000152587891,6.840000152587891,6.840000152587891,6.840000152587891,8,0.0,0.0
2015-03-27 00:00:00-04:00,6.599999904632568,7.199999809265137,6.599999904632568,7.199999809265137,1850,0.0,0.0
2015-03-30 00:00:00-04:00,7.199999809265137,7.199999809265137,7.199999809265137,7.199999809265137,0,0.0,0.0
2015-03-31 00:00:00-04:00,7.079999923706055,7.079999923706055,7.079999923706055,7.079999923706055,42,0.0,0.0
2015-04-01 00:00:00-04:00,7.079999923706055,7.320000171661377,7.079999923706055,7.320000171661377,1192,0.0,0.0
2015-04-02 00:00:00-04:00,7.320000171661377,7.440000057220459,7.320000171661377,7.440000057220459,325,0.0,0.0
2015-04-06 00:00:00-04:00,7.440000057220459,7.440000057220459,7.440000057220459,7.440000057220459,167,0.0,0.0
2015-04-07 00:00:00-04:00,7.559999942779541,7.559999942779541,7.559999942779541,7.559999942779541,83,0.0,0.0
2015-04-08 00:00:00-04:00,7.679999828338623,7.800000190734863,6.480000019073486,7.079999923706055,4183,0.0,0.0
2015-04-09 00:00:00-04:00,7.800000190734863,7.800000190734863,7.800000190734863,7.800000190734863,175,0.0,0.0
2015-04-10 00:00:00-04:00,7.800000190734863,7.800000190734863,7.800000190734863,7.800000190734863,0,0.0,0.0
2015-04-13 00:00:00-04:00,7.800000190734863,7.800000190734863,7.800000190734863,7.800000190734863,0,0.0,0.0
2015-04-14 00:00:00-04:00,7.800000190734863,7.800000190734863,7.800000190734863,7.800000190734863,0,0.0,0.0
2015-04-15 00:00:00-04:00,7.440000057220459,7.559999942779541,7.199999809265137,7.559999942779541,100,0.0,0.0
2015-04-16 00:00:00-04:00,6.480000019073486,7.320000171661377,6.480000019073486,7.320000171661377,158,0.0,0.0
2015-04-17 00:00:00-04:00,7.559999942779541,7.559999942779541,7.559999942779541,7.559999942779541,367,0.0,0.0
2015-04-20 00:00:00-04:00,7.559999942779541,7.559999942779541,7.559999942779541,7.559999942779541,0,0.0,0.0
2015-04-21 00:00:00-04:00,7.559999942779541,7.559999942779541,6.480000019073486,7.199999809265137,1275,0.0,0.0
2015-04-22 00:00:00-04:00,7.199999809265137,7.440000057220459,7.199999809265137,7.440000057220459,692,0.0,0.0
2015-04-23 00:00:00-04:00,7.320000171661377,7.320000171661377,7.320000171661377,7.320000171661377,8,0.0,0.0
2015-04-24 00:00:00-04:00,7.320000171661377,7.320000171661377,7.320000171661377,7.320000171661377,0,0.0,0.0
2015-04-27 00:00:00-04:00,7.199999809265137,7.199999809265137,7.199999809265137,7.199999809265137,592,0.0,0.0
2015-04-28 00:00:00-04:00,7.559999942779541,7.559999942779541,7.559999942779541,7.559999942779541,100,0.0,0.0
2015-04-29 00:00:00-04:00,7.320000171661377,7.320000171661377,7.320000171661377,7.320000171661377,83,0.0,0.0
2015-04-30 00:00:00-04:00,7.320000171661377,7.320000171661377,7.320000171661377,7.320000171661377,0,0.0,0.0
2015-05-01 00:00:00-04:00,7.559999942779541,7.559999942779541,6.239999771118164,6.239999771118164,433,0.0,0.0
2015-05-04 00:00:00-04:00,6.239999771118164,6.239999771118164,6.239999771118164,6.239999771118164,0,0.0,0.0
2015-05-05 00:00:00-04:00,6.239999771118164,6.239999771118164,6.239999771118164,6.239999771118164,0,0.0,0.0
2015-05-06 00:00:00-04:00,6.239999771118164,6.239999771118164,6.239999771118164,6.239999771118164,0,0.0,0.0
2015-05-07 00:00:00-04:00,6.239999771118164,6.239999771118164,6.239999771118164,6.239999771118164,0,0.0,0.0
2015-05-08 00:00:00-04:00,6.360000133514404,6.360000133514404,4.920000076293945,6.119999885559082,1425,0.0,0.0
2015-05-11 00:00:00-04:00,6.360000133514404,7.440000057220459,6.360000133514404,6.599999904632568,1433,0.0,0.0
2015-05-12 00:00:00-04:00,7.320000171661377,7.320000171661377,6.119999885559082,7.079999923706055,342,0.0,0.0
2015-05-13 00:00:00-04:00,7.079999923706055,7.079999923706055,7.079999923706055,7.079999923706055,33,0.0,0.0
2015-05-14 00:00:00-04:00,4.920000076293945,7.079999923706055,4.920000076293945,7.079999923706055,158,0.0,0.0
2015-05-15 00:00:00-04:00,6.599999904632568,7.079999923706055,6.0,7.079999923706055,542,0.0,0.0
2015-05-18 00:00:00-04:00,4.920000076293945,6.71999979019165,4.920000076293945,6.71999979019165,450,0.0,0.0
2015-05-19 00:00:00-04:00,5.639999866485596,6.71999979019165,5.639999866485596,6.71999979019165,100,0.0,0.0
2015-05-20 00:00:00-04:00,5.639999866485596,6.71999979019165,5.639999866485596,6.71999979019165,225,0.0,0.0
2015-05-21 00:00:00-04:00,6.119999885559082,6.71999979019165,6.119999885559082,6.71999979019165,700,0.0,0.0
2015-05-22 00:00:00-04:00,6.71999979019165,6.71999979019165,6.71999979019165,6.71999979019165,0,0.0,0.0
2015-05-26 00:00:00-04:00,6.480000019073486,6.480000019073486,5.639999866485596,6.119999885559082,450,0.0,0.0
2015-05-27 00:00:00-04:00,6.119999885559082,6.119999885559082,6.119999885559082,6.119999885559082,50,0.0,0.0
2015-05-28 00:00:00-04:00,6.119999885559082,6.119999885559082,6.119999885559082,6.119999885559082,600,0.0,0.0
2015-05-29 00:00:00-04:00,6.0,6.0,6.0,6.0,167,0.0,0.0
2015-06-01 00:00:00-04:00,6.0,6.599999904632568,6.0,6.360000133514404,1600,0.0,0.0
2015-06-02 00:00:00-04:00,6.360000133514404,6.360000133514404,6.360000133514404,6.360000133514404,0,0.0,0.0
2015-06-03 00:00:00-04:00,6.599999904632568,6.599999904632568,5.639999866485596,6.480000019073486,133,0.0,0.0
2015-06-04 00:00:00-04:00,6.119999885559082,6.119999885559082,6.0,6.0,258,0.0,0.0
2015-06-05 00:00:00-04:00,6.0,6.480000019073486,5.760000228881836,6.480000019073486,392,0.0,0.0
2015-06-08 00:00:00-04:00,6.0,6.480000019073486,6.0,6.480000019073486,300,0.0,0.0
2015-06-09 00:00:00-04:00,6.480000019073486,6.480000019073486,5.760000228881836,6.480000019073486,217,0.0,0.0
2015-06-10 00:00:00-04:00,6.360000133514404,6.480000019073486,6.360000133514404,6.480000019073486,42,0.0,0.0
2015-06-11 00:00:00-04:00,6.480000019073486,6.480000019073486,6.480000019073486,6.480000019073486,0,0.0,0.0
2015-06-12 00:00:00-04:00,6.0,6.360000133514404,5.760000228881836,6.239999771118164,1008,0.0,0.0
2015-06-15 00:00:00-04:00,5.880000114440918,6.0,5.760000228881836,6.0,733,0.0,0.0
2015-06-16 00:00:00-04:00,6.0,6.0,6.0,6.0,0,0.0,0.0
2015-06-17 00:00:00-04:00,6.480000019073486,6.599999904632568,6.480000019073486,6.599999904632568,33,0.0,0.0
2015-06-18 00:00:00-04:00,5.760000228881836,6.480000019073486,5.760000228881836,6.360000133514404,225,0.0,0.0
2015-06-19 00:00:00-04:00,5.760000228881836,5.760000228881836,5.519999980926514,5.639999866485596,1417,0.0,0.0
2015-06-22 00:00:00-04:00,5.639999866485596,5.639999866485596,5.639999866485596,5.639999866485596,608,0.0,0.0
2015-06-23 00:00:00-04:00,5.159999847412109,6.239999771118164,5.159999847412109,6.239999771118164,92,0.0,0.0
2015-06-24 00:00:00-04:00,6.239999771118164,6.239999771118164,6.239999771118164,6.239999771118164,125,0.0,0.0
2015-06-25 00:00:00-04:00,5.760000228881836,6.239999771118164,5.760000228881836,5.760000228881836,1400,0.0,0.0
2015-06-26 00:00:00-04:00,5.639999866485596,5.639999866485596,5.639999866485596,5.639999866485596,1083,0.0,0.0
2015-06-29 00:00:00-04:00,6.119999885559082,6.119999885559082,6.119999885559082,6.119999885559082,17,0.0,0.0
2015-06-30 00:00:00-04:00,6.0,6.0,5.400000095367432,6.0,725,0.0,0.0
2015-07-01 00:00:00-04:00,5.639999866485596,6.0,5.639999866485596,6.0,1942,0.0,0.0
2015-07-02 00:00:00-04:00,5.639999866485596,6.0,5.159999847412109,6.0,1542,0.0,0.0
2015-07-06 00:00:00-04:00,5.400000095367432,6.0,5.28000020980835,6.0,1100,0.0,0.0
2015-07-07 00:00:00-04:00,5.400000095367432,5.400000095367432,5.28000020980835,5.28000020980835,1483,0.0,0.0
2015-07-08 00:00:00-04:00,5.28000020980835,5.28000020980835,5.28000020980835,5.28000020980835,0,0.0,0.0
2015-07-09 00:00:00-04:00,5.880000114440918,5.880000114440918,4.920000076293945,5.159999847412109,800,0.0,0.0
2015-07-10 00:00:00-04:00,5.159999847412109,6.0,4.679999828338623,6.0,317,0.0,0.0
2015-07-13 00:00:00-04:00,5.400000095367432,5.400000095367432,5.400000095367432,5.400000095367432,150,0.0,0.0
2015-07-14 00:00:00-04:00,5.400000095367432,5.400000095367432,5.400000095367432,5.400000095367432,0,0.0,0.0
2015-07-15 00:00:00-04:00,5.28000020980835,5.400000095367432,4.679999828338623,5.28000020980835,1342,0.0,0.0
2015-07-16 00:00:00-04:00,5.28000020980835,5.28000020980835,5.159999847412109,5.159999847412109,125,0.0,0.0
2015-07-17 00:00:00-04:00,5.159999847412109,5.159999847412109,5.159999847412109,5.159999847412109,0,0.0,0.0
2015-07-20 00:00:00-04:00,5.28000020980835,5.28000020980835,5.28000020980835,5.28000020980835,33,0.0,0.0
2015-07-21 00:00:00-04:00,4.440000057220459,4.440000057220459,4.440000057220459,4.440000057220459,25,0.0,0.0
2015-07-22 00:00:00-04:00,5.28000020980835,5.28000020980835,3.7200000286102295,5.28000020980835,558,0.0,0.0
2015-07-23 00:00:00-04:00,5.159999847412109,5.159999847412109,5.159999847412109,5.159999847412109,17,0.0,0.0
2015-07-24 00:00:00-04:00,5.159999847412109,5.159999847412109,5.159999847412109,5.159999847412109,0,0.0,0.0
2015-07-27 00:00:00-04:00,5.159999847412109,5.159999847412109,4.440000057220459,5.159999847412109,83,0.0,0.0
2015-07-28 00:00:00-04:00,4.800000190734863,4.800000190734863,3.9600000381469727,3.9600000381469727,2342,0.0,0.0
2015-07-29 00:00:00-04:00,3.9600000381469727,4.679999828338623,3.7200000286102295,4.199999809265137,2583,0.0,0.0
2015-07-30 00:00:00-04:00,4.559999942779541,4.800000190734863,4.199999809265137,4.320000171661377,36317,0.0,0.0
2015-07-31 00:00:00-04:00,3.7200000286102295,4.320000171661377,3.7200000286102295,4.199999809265137,1158,0.0,0.0
2015-08-03 00:00:00-04:00,3.5999999046325684,4.199999809265137,3.5999999046325684,3.9600000381469727,7667,0.0,0.0
2015-08-04 00:00:00-04:00,4.199999809265137,4.199999809265137,4.199999809265137,4.199999809265137,4500,0.0,0.0
2015-08-05 00:00:00-04:00,4.800000190734863,4.800000190734863,4.559999942779541,4.800000190734863,458,0.0,0.0
2015-08-06 00:00:00-04:00,6.0,6.0,4.800000190734863,5.880000114440918,1367,0.0,0.0
2015-08-07 00:00:00-04:00,5.880000114440918,5.880000114440918,5.880000114440918,5.880000114440918,83,0.0,0.0
2015-08-10 00:00:00-04:00,5.880000114440918,6.0,5.880000114440918,6.0,350,0.0,0.0
2015-08-11 00:00:00-04:00,5.039999961853027,5.760000228881836,5.039999961853027,5.760000228881836,283,0.0,0.0
2015-08-12 00:00:00-04:00,5.760000228881836,5.760000228881836,5.760000228881836,5.760000228881836,133,0.0,0.0
2015-08-13 00:00:00-04:00,5.760000228881836,5.760000228881836,5.760000228881836,5.760000228881836,0,0.0,0.0
2015-08-14 00:00:00-04:00,5.760000228881836,5.760000228881836,5.760000228881836,5.760000228881836,0,0.0,0.0
2015-08-17 00:00:00-04:00,5.639999866485596,5.880000114440918,5.639999866485596,5.880000114440918,25,0.0,0.0
2015-08-18 00:00:00-04:00,5.880000114440918,5.880000114440918,5.880000114440918,5.880000114440918,0,0.0,0.0
2015-08-19 00:00:00-04:00,5.880000114440918,5.880000114440918,5.880000114440918,5.880000114440918,0,0.0,0.0
2015-08-20 00:00:00-04:00,5.880000114440918,5.880000114440918,5.880000114440918,5.880000114440918,0,0.0,0.0
2015-08-21 00:00:00-04:00,5.880000114440918,5.880000114440918,5.880000114440918,5.880000114440918,0,0.0,0.0
2015-08-24 00:00:00-04:00,5.639999866485596,5.639999866485596,4.800000190734863,5.039999961853027,2333,0.0,0.0
2015-08-25 00:00:00-04:00,5.039999961853027,5.039999961853027,5.039999961853027,5.039999961853027,0,0.0,0.0
2015-08-26 00:00:00-04:00,5.039999961853027,5.039999961853027,5.039999961853027,5.039999961853027,0,0.0,0.0
2015-08-27 00:00:00-04:00,5.039999961853027,5.039999961853027,5.039999961853027,5.039999961853027,0,0.0,0.0
2015-08-28 00:00:00-04:00,5.039999961853027,5.039999961853027,5.039999961853027,5.039999961853027,117,0.0,0.0
2015-08-31 00:00:00-04:00,4.800000190734863,4.800000190734863,4.800000190734863,4.800000190734863,583,0.0,0.0
2015-09-01 00:00:00-04:00,4.320000171661377,4.920000076293945,4.320000171661377,4.320000171661377,2125,0.0,0.0
2015-09-02 00:00:00-04:00,4.440000057220459,4.440000057220459,3.5999999046325684,4.440000057220459,1400,0.0,0.0
2015-09-03 00:00:00-04:00,4.440000057220459,4.679999828338623,3.5999999046325684,3.8399999141693115,12858,0.0,0.0
2015-09-04 00:00:00-04:00,3.8399999141693115,6.119999885559082,3.8399999141693115,5.400000095367432,10250,0.0,0.0
2015-09-08 00:00:00-04:00,4.800000190734863,5.400000095367432,4.800000190734863,5.400000095367432,1250,0.0,0.0
2015-09-09 00:00:00-04:00,5.639999866485596,5.639999866485596,5.28000020980835,5.639999866485596,3733,0.0,0.0
2015-09-10 00:00:00-04:00,5.639999866485596,5.639999866485596,5.400000095367432,5.519999980926514,983,0.0,0.0
2015-09-11 00:00:00-04:00,5.400000095367432,5.519999980926514,5.400000095367432,5.519999980926514,608,0.0,0.0
2015-09-14 00:00:00-04:00,5.519999980926514,5.519999980926514,5.519999980926514,5.519999980926514,0,0.0,0.0
2015-09-15 00:00:00-04:00,5.400000095367432,5.400000095367432,4.800000190734863,5.400000095367432,1750,0.0,0.0
2015-09-16 00:00:00-04:00,5.519999980926514,5.760000228881836,5.519999980926514,5.760000228881836,492,0.0,0.0
2015-09-17 00:00:00-04:00,5.760000228881836,5.760000228881836,5.760000228881836,5.760000228881836,175,0.0,0.0
2015-09-18 00:00:00-04:00,5.519999980926514,5.880000114440918,4.800000190734863,5.400000095367432,2800,0.0,0.0
2015-09-21 00:00:00-04:00,5.400000095367432,5.400000095367432,5.400000095367432,5.400000095367432,0,0.0,0.0
2015-09-22 00:00:00-04:00,4.320000171661377,5.039999961853027,4.320000171661377,5.039999961853027,342,0.0,0.0
2015-09-23 00:00:00-04:00,4.559999942779541,4.800000190734863,4.559999942779541,4.559999942779541,1300,0.0,0.0
2015-09-24 00:00:00-04:00,4.559999942779541,4.559999942779541,4.559999942779541,4.559999942779541,475,0.0,0.0
2015-09-25 00:00:00-04:00,4.440000057220459,4.440000057220459,4.320000171661377,4.320000171661377,2308,0.0,0.0
2015-09-28 00:00:00-04:00,4.199999809265137,4.199999809265137,4.199999809265137,4.199999809265137,2400,0.0,0.0
2015-09-29 00:00:00-04:00,4.199999809265137,4.559999942779541,4.199999809265137,4.559999942779541,667,0.0,0.0
2015-09-30 00:00:00-04:00,4.199999809265137,4.800000190734863,3.9600000381469727,4.079999923706055,2592,0.0,0.0
2015-10-01 00:00:00-04:00,4.320000171661377,4.440000057220459,4.320000171661377,4.440000057220459,217,0.0,0.0
2015-10-02 00:00:00-04:00,5.039999961853027,5.039999961853027,4.320000171661377,4.320000171661377,500,0.0,0.0
2015-10-05 00:00:00-04:00,4.320000171661377,4.320000171661377,4.320000171661377,4.320000171661377,0,0.0,0.0
2015-10-06 00:00:00-04:00,4.800000190734863,4.800000190734863,4.800000190734863,4.800000190734863,158,0.0,0.0
2015-10-07 00:00:00-04:00,4.320000171661377,4.320000171661377,4.320000171661377,4.320000171661377,833,0.0,0.0
2015-10-08 00:00:00-04:00,4.679999828338623,4.800000190734863,4.679999828338623,4.800000190734863,2975,0.0,0.0
2015-10-09 00:00:00-04:00,4.800000190734863,4.800000190734863,4.800000190734863,4.800000190734863,0,0.0,0.0
2015-10-12 00:00:00-04:00,4.800000190734863,5.639999866485596,3.9600000381469727,4.559999942779541,4375,0.0,0.0
2015-10-13 00:00:00-04:00,5.159999847412109,5.159999847412109,5.159999847412109,5.159999847412109,167,0.0,0.0
2015-10-14 00:00:00-04:00,5.159999847412109,5.159999847412109,5.159999847412109,5.159999847412109,0,0.0,0.0
2015-10-15 00:00:00-04:00,5.159999847412109,5.159999847412109,5.159999847412109,5.159999847412109,0,0.0,0.0
2015-10-16 00:00:00-04:00,4.559999942779541,5.159999847412109,4.559999942779541,5.039999961853027,558,0.0,0.0
2015-10-19 00:00:00-04:00,4.679999828338623,4.800000190734863,4.679999828338623,4.800000190734863,858,0.0,0.0
2015-10-20 00:00:00-04:00,4.800000190734863,5.039999961853027,4.800000190734863,5.039999961853027,625,0.0,0.0
2015-10-21 00:00:00-04:00,4.920000076293945,4.920000076293945,4.920000076293945,4.920000076293945,100,0.0,0.0
2015-10-22 00:00:00-04:00,4.920000076293945,5.039999961853027,4.920000076293945,4.920000076293945,583,0.0,0.0
2015-10-23 00:00:00-04:00,4.920000076293945,4.920000076293945,4.559999942779541,4.559999942779541,750,0.0,0.0
2015-10-26 00:00:00-04:00,5.159999847412109,5.159999847412109,4.920000076293945,4.920000076293945,375,0.0,0.0
2015-10-27 00:00:00-04:00,4.800000190734863,4.800000190734863,4.800000190734863,4.800000190734863,667,0.0,0.0
2015-10-28 00:00:00-04:00,4.800000190734863,4.800000190734863,4.800000190734863,4.800000190734863,0,0.0,0.0
2015-10-29 00:00:00-04:00,4.800000190734863,4.800000190734863,4.800000190734863,4.800000190734863,0,0.0,0.0
2015-10-30 00:00:00-04:00,4.800000190734863,4.800000190734863,4.800000190734863,4.800000190734863,0,0.0,0.0
2015-11-02 00:00:00-05:00,5.159999847412109,5.159999847412109,5.159999847412109,5.159999847412109,67,0.0,0.0
2015-11-03 00:00:00-05:00,5.159999847412109,5.159999847412109,5.159999847412109,5.159999847412109,525,0.0,0.0
2015-11-04 00:00:00-05:00,4.800000190734863,4.800000190734863,4.800000190734863,4.800000190734863,67,0.0,0.0
2015-11-05 00:00:00-05:00,5.159999847412109,5.159999847412109,5.159999847412109,5.159999847412109,167,0.0,0.0
2015-11-06 00:00:00-05:00,5.159999847412109,5.159999847412109,5.159999847412109,5.159999847412109,0,0.0,0.0
2015-11-09 00:00:00-05:00,4.800000190734863,4.800000190734863,3.7200000286102295,3.7200000286102295,3283,0.0,0.0
2015-11-10 00:00:00-05:00,4.199999809265137,4.199999809265137,3.7200000286102295,3.7200000286102295,450,0.0,0.0
2015-11-11 00:00:00-05:00,3.7200000286102295,3.7200000286102295,3.7200000286102295,3.7200000286102295,0,0.0,0.0
2015-11-12 00:00:00-05:00,3.7200000286102295,3.9600000381469727,3.5999999046325684,3.5999999046325684,2258,0.0,0.0
2015-11-13 00:00:00-05:00,3.5999999046325684,3.5999999046325684,3.5999999046325684,3.5999999046325684,0,0.0,0.0
2015-11-16 00:00:00-05:00,3.8399999141693115,4.199999809265137,3.359999895095825,4.079999923706055,2158,0.0,0.0
2015-11-17 00:00:00-05:00,4.079999923706055,4.079999923706055,4.079999923706055,4.079999923706055,275,0.0,0.0
2015-11-18 00:00:00-05:00,4.079999923706055,4.079999923706055,4.079999923706055,4.079999923706055,333,0.0,0.0
2015-11-19 00:00:00-05:00,4.079999923706055,4.079999923706055,4.079999923706055,4.079999923706055,17,0.0,0.0
2015-11-20 00:00:00-05:00,4.079999923706055,4.079999923706055,4.079999923706055,4.079999923706055,0,0.0,0.0
2015-11-23 00:00:00-05:00,4.679999828338623,4.679999828338623,4.679999828338623,4.679999828338623,17,0.0,0.0
2015-11-24 00:00:00-05:00,4.679999828338623,4.679999828338623,4.679999828338623,4.679999828338623,0,0.0,0.0
2015-11-25 00:00:00-05:00,4.679999828338623,4.679999828338623,4.679999828338623,4.679999828338623,0,0.0,0.0
2015-11-27 00:00:00-05:00,4.679999828338623,4.679999828338623,4.679999828338623,4.679999828338623,25,0.0,0.0
2015-11-30 00:00:00-05:00,4.079999923706055,4.079999923706055,3.5999999046325684,3.9600000381469727,1083,0.0,0.0
2015-12-01 00:00:00-05:00,4.320000171661377,4.320000171661377,4.320000171661377,4.320000171661377,83,0.0,0.0
2015-12-02 00:00:00-05:00,4.320000171661377,4.320000171661377,4.199999809265137,4.199999809265137,175,0.0,0.0
2015-12-03 00:00:00-05:00,3.9600000381469727,3.9600000381469727,3.9600000381469727,3.9600000381469727,8,0.0,0.0
2015-12-04 00:00:00-05:00,3.9600000381469727,3.9600000381469727,3.9600000381469727,3.9600000381469727,0,0.0,0.0
2015-12-07 00:00:00-05:00,3.9600000381469727,4.199999809265137,3.5999999046325684,3.5999999046325684,1417,0.0,0.0
2015-12-08 00:00:00-05:00,3.5999999046325684,3.5999999046325684,3.5999999046325684,3.5999999046325684,267,0.0,0.0
2015-12-09 00:00:00-05:00,3.119999885559082,3.5999999046325684,3.119999885559082,3.5999999046325684,925,0.0,0.0
2015-12-10 00:00:00-05:00,3.240000009536743,3.240000009536743,3.240000009536743,3.240000009536743,417,0.0,0.0
2015-12-11 00:00:00-05:00,3.240000009536743,4.679999828338623,3.240000009536743,4.679999828338623,4492,0.0,0.0
2015-12-14 00:00:00-05:00,4.679999828338623,4.679999828338623,4.679999828338623,4.679999828338623,333,0.0,0.0
2015-12-15 00:00:00-05:00,4.559999942779541,4.559999942779541,3.5999999046325684,3.5999999046325684,325,0.0,0.0
2015-12-16 00:00:00-05:00,3.7200000286102295,4.559999942779541,3.7200000286102295,4.559999942779541,750,0.0,0.0
2015-12-17 00:00:00-05:00,4.559999942779541,4.559999942779541,4.559999942779541,4.559999942779541,500,0.0,0.0
2015-12-18 00:00:00-05:00,3.5999999046325684,4.079999923706055,3.5999999046325684,4.079999923706055,500,0.0,0.0
2015-12-21 00:00:00-05:00,4.079999923706055,4.079999923706055,4.079999923706055,4.079999923706055,0,0.0,0.0
2015-12-22 00:00:00-05:00,4.079999923706055,4.079999923706055,4.079999923706055,4.079999923706055,0,0.0,0.0
2015-12-23 00:00:00-05:00,4.199999809265137,4.199999809265137,3.5999999046325684,4.199999809265137,858,0.0,0.0
2015-12-24 00:00:00-05:00,4.559999942779541,4.679999828338623,4.199999809265137,4.679999828338623,1675,0.0,0.0
2015-12-28 00:00:00-05:00,4.559999942779541,4.920000076293945,3.9600000381469727,3.9600000381469727,1433,0.0,0.0
2015-12-29 00:00:00-05:00,3.8399999141693115,3.8399999141693115,3.8399999141693115,3.8399999141693115,167,0.0,0.0
2015-12-30 00:00:00-05:00,3.8399999141693115,3.8399999141693115,3.8399999141693115,3.8399999141693115,0,0.0,0.0
2015-12-31 00:00:00-05:00,3.8399999141693115,3.8399999141693115,3.5999999046325684,3.8399999141693115,650,0.0,0.0
2016-01-04 00:00:00-05:00,4.079999923706055,4.079999923706055,3.8399999141693115,3.8399999141693115,492,0.0,0.0
2016-01-05 00:00:00-05:00,4.559999942779541,4.559999942779541,4.320000171661377,4.320000171661377,383,0.0,0.0
2016-01-06 00:00:00-05:00,4.320000171661377,4.320000171661377,4.199999809265137,4.199999809265137,258,0.0,0.0
2016-01-07 00:00:00-05:00,3.9600000381469727,3.9600000381469727,3.5999999046325684,3.5999999046325684,2042,0.0,0.0
2016-01-08 00:00:00-05:00,3.7200000286102295,3.7200000286102295,3.7200000286102295,3.7200000286102295,108,0.0,0.0
2016-01-11 00:00:00-05:00,3.8399999141693115,3.8399999141693115,3.8399999141693115,3.8399999141693115,717,0.0,0.0
2016-01-12 00:00:00-05:00,3.8399999141693115,4.199999809265137,3.5999999046325684,3.7200000286102295,4192,0.0,0.0
2016-01-13 00:00:00-05:00,3.7200000286102295,4.559999942779541,3.7200000286102295,4.559999942779541,1825,0.0,0.0
2016-01-14 00:00:00-05:00,4.559999942779541,4.559999942779541,3.359999895095825,4.199999809265137,3850,0.0,0.0
2016-01-15 00:00:00-05:00,3.9600000381469727,3.9600000381469727,3.9600000381469727,3.9600000381469727,8,0.0,0.0
2016-01-19 00:00:00-05:00,4.679999828338623,4.679999828338623,4.679999828338623,4.679999828338623,25,0.0,0.0
2016-01-20 00:00:00-05:00,4.199999809265137,4.199999809265137,4.079999923706055,4.199999809265137,692,0.0,0.0
2016-01-21 00:00:00-05:00,3.9600000381469727,3.9600000381469727,3.9600000381469727,3.9600000381469727,75,0.0,0.0
2016-01-22 00:00:00-05:00,3.9600000381469727,3.9600000381469727,3.5999999046325684,3.9600000381469727,1208,0.0,0.0
2016-01-25 00:00:00-05:00,3.9600000381469727,3.9600000381469727,3.9600000381469727,3.9600000381469727,0,0.0,0.0
2016-01-26 00:00:00-05:00,3.8399999141693115,3.8399999141693115,3.8399999141693115,3.8399999141693115,533,0.0,0.0
2016-01-27 00:00:00-05:00,3.8399999141693115,3.8399999141693115,3.8399999141693115,3.8399999141693115,0,0.0,0.0
2016-01-28 00:00:00-05:00,3.9600000381469727,3.9600000381469727,3.9600000381469727,3.9600000381469727,208,0.0,0.0
2016-01-29 00:00:00-05:00,4.320000171661377,4.320000171661377,3.9600000381469727,3.9600000381469727,342,0.0,0.0
2016-02-01 00:00:00-05:00,3.9600000381469727,3.9600000381469727,3.9600000381469727,3.9600000381469727,0,0.0,0.0
2016-02-02 00:00:00-05:00,4.079999923706055,4.079999923706055,4.079999923706055,4.079999923706055,342,0.0,0.0
2016-02-03 00:00:00-05:00,4.199999809265137,4.199999809265137,4.199999809265137,4.199999809265137,408,0.0,0.0
2016-02-04 00:00:00-05:00,4.079999923706055,4.079999923706055,4.079999923706055,4.079999923706055,167,0.0,0.0
2016-02-05 00:00:00-05:00,4.079999923706055,4.079999923706055,4.079999923706055,4.079999923706055,0,0.0,0.0
2016-02-08 00:00:00-05:00,4.199999809265137,4.199999809265137,4.199999809265137,4.199999809265137,75,0.0,0.0
2016-02-09 00:00:00-05:00,3.9600000381469727,3.9600000381469727,3.8399999141693115,3.8399999141693115,3917,0.0,0.0
2016-02-10 00:00:00-05:00,3.8399999141693115,3.8399999141693115,3.8399999141693115,3.8399999141693115,0,0.0,0.0
2016-02-11 00:00:00-05:00,3.8399999141693115,3.8399999141693115,3.8399999141693115,3.8399999141693115,0,0.0,0.0
2016-02-12 00:00:00-05:00,3.8399999141693115,3.8399999141693115,3.8399999141693115,3.8399999141693115,0,0.0,0.0
2016-02-16 00:00:00-05:00,3.8399999141693115,3.8399999141693115,3.8399999141693115,3.8399999141693115,0,0.0,0.0
2016-02-17 00:00:00-05:00,3.9600000381469727,3.9600000381469727,3.8399999141693115,3.8399999141693115,208,0.0,0.0
2016-02-18 00:00:00-05:00,4.199999809265137,4.199999809265137,3.9600000381469727,4.199999809265137,342,0.0,0.0
2016-02-19 00:00:00-05:00,4.199999809265137,4.199999809265137,4.199999809265137,4.199999809265137,0,0.0,0.0
2016-02-22 00:00:00-05:00,3.8399999141693115,3.8399999141693115,3.8399999141693115,3.8399999141693115,458,0.0,0.0
2016-02-23 00:00:00-05:00,3.9600000381469727,3.9600000381469727,3.9600000381469727,3.9600000381469727,292,0.0,0.0
2016-02-24 00:00:00-05:00,3.9600000381469727,3.9600000381469727,3.9600000381469727,3.9600000381469727,0,0.0,0.0
2016-02-25 00:00:00-05:00,3.9600000381469727,3.9600000381469727,3.9600000381469727,3.9600000381469727,42,0.0,0.0
2016-02-26 00:00:00-05:00,3.9600000381469727,3.9600000381469727,3.9600000381469727,3.9600000381469727,0,0.0,0.0
2016-02-29 00:00:00-05:00,3.9600000381469727,3.9600000381469727,3.9600000381469727,3.9600000381469727,0,0.0,0.0
2016-03-01 00:00:00-05:00,3.9600000381469727,3.9600000381469727,3.5999999046325684,3.5999999046325684,5058,0.0,0.0
2016-03-02 00:00:00-05:00,3.5999999046325684,3.5999999046325684,3.5999999046325684,3.5999999046325684,0,0.0,0.0
2016-03-03 00:00:00-05:00,3.5999999046325684,3.7200000286102295,3.5999999046325684,3.7200000286102295,2900,0.0,0.0
2016-03-04 00:00:00-05:00,3.4800000190734863,4.679999828338623,3.4800000190734863,3.7200000286102295,317,0.0,0.0
2016-03-07 00:00:00-05:00,3.9600000381469727,3.9600000381469727,3.4800000190734863,3.4800000190734863,100,0.0,0.0
2016-03-08 00:00:00-05:00,3.4800000190734863,3.4800000190734863,3.4800000190734863,3.4800000190734863,0,0.0,0.0
2016-03-09 00:00:00-05:00,3.4800000190734863,3.4800000190734863,3.4800000190734863,3.4800000190734863,0,0.0,0.0
2016-03-10 00:00:00-05:00,3.4800000190734863,3.4800000190734863,3.4800000190734863,3.4800000190734863,0,0.0,0.0
2016-03-11 00:00:00-05:00,3.4800000190734863,3.4800000190734863,3.4800000190734863,3.4800000190734863,0,0.0,0.0
2016-03-14 00:00:00-04:00,3.4800000190734863,3.4800000190734863,2.880000114440918,3.0,617,0.0,0.0
2016-03-15 00:00:00-04:00,3.4800000190734863,3.4800000190734863,3.4800000190734863,3.4800000190734863,100,0.0,0.0
2016-03-16 00:00:00-04:00,3.4800000190734863,3.4800000190734863,3.4800000190734863,3.4800000190734863,0,0.0,0.0
2016-03-17 00:00:00-04:00,3.0,3.240000009536743,3.0,3.240000009536743,342,0.0,0.0
2016-03-18 00:00:00-04:00,3.240000009536743,3.240000009536743,3.240000009536743,3.240000009536743,0,0.0,0.0
2016-03-21 00:00:00-04:00,3.240000009536743,3.240000009536743,3.240000009536743,3.240000009536743,0,0.0,0.0
2016-03-22 00:00:00-04:00,3.240000009536743,3.240000009536743,3.240000009536743,3.240000009536743,0,0.0,0.0
2016-03-23 00:00:00-04:00,3.240000009536743,3.240000009536743,3.240000009536743,3.240000009536743,0,0.0,0.0
2016-03-24 00:00:00-04:00,3.0,3.0,3.0,3.0,83,0.0,0.0
2016-03-28 00:00:00-04:00,3.0,3.0,3.0,3.0,17,0.0,0.0
2016-03-29 00:00:00-04:00,3.0,3.0,3.0,3.0,67,0.0,0.0
2016-03-30 00:00:00-04:00,3.0,3.0,3.0,3.0,0,0.0,0.0
2016-03-31 00:00:00-04:00,3.4800000190734863,3.4800000190734863,3.4800000190734863,3.4800000190734863,75,0.0,0.0
2016-04-01 00:00:00-04:00,3.4800000190734863,3.5999999046325684,3.4800000190734863,3.5999999046325684,758,0.0,0.0
2016-04-04 00:00:00-04:00,3.5999999046325684,3.5999999046325684,3.5999999046325684,3.5999999046325684,0,0.0,0.0
2016-04-05 00:00:00-04:00,3.9600000381469727,3.9600000381469727,3.5999999046325684,3.9600000381469727,658,0.0,0.0
2016-04-06 00:00:00-04:00,3.9600000381469727,3.9600000381469727,3.9600000381469727,3.9600000381469727,417,0.0,0.0
2016-04-07 00:00:00-04:00,4.199999809265137,4.199999809265137,3.0,3.0,358,0.0,0.0
2016-04-08 00:00:00-04:00,4.199999809265137,4.199999809265137,4.199999809265137,4.199999809265137,167,0.0,0.0
2016-04-11 00:00:00-04:00,4.199999809265137,4.559999942779541,3.9600000381469727,4.559999942779541,3742,0.0,0.0
2016-04-12 00:00:00-04:00,3.5999999046325684,3.5999999046325684,3.5999999046325684,3.5999999046325684,42,0.0,0.0
2016-04-13 00:00:00-04:00,3.7200000286102295,3.7200000286102295,3.5999999046325684,3.5999999046325684,167,0.0,0.0
2016-04-14 00:00:00-04:00,3.5999999046325684,3.5999999046325684,3.5999999046325684,3.5999999046325684,0,0.0,0.0
2016-04-15 00:00:00-04:00,3.5999999046325684,3.5999999046325684,3.5999999046325684,3.5999999046325684,0,0.0,0.0
2016-04-18 00:00:00-04:00,3.5999999046325684,3.5999999046325684,3.5999999046325684,3.5999999046325684,0,0.0,0.0
2016-04-19 00:00:00-04:00,3.5999999046325684,3.5999999046325684,3.5999999046325684,3.5999999046325684,0,0.0,0.0
2016-04-20 00:00:00-04:00,3.5999999046325684,3.9600000381469727,3.5999999046325684,3.9600000381469727,158,0.0,0.0
2016-04-21 00:00:00-04:00,3.9600000381469727,3.9600000381469727,3.9600000381469727,3.9600000381469727,0,0.0,0.0
2016-04-22 00:00:00-04:00,3.7200000286102295,3.7200000286102295,3.4800000190734863,3.5999999046325684,1750,0.0,0.0
2016-04-25 00:00:00-04:00,3.4800000190734863,3.4800000190734863,3.0,3.359999895095825,833,0.0,0.0
2016-04-26 00:00:00-04:00,3.359999895095825,3.359999895095825,3.359999895095825,3.359999895095825,0,0.0,0.0
2016-04-27 00:00:00-04:00,3.359999895095825,3.359999895095825,3.359999895095825,3.359999895095825,1250,0.0,0.0
2016-04-28 00:00:00-04:00,3.359999895095825,3.359999895095825,3.359999895095825,3.359999895095825,0,0.0,0.0
2016-04-29 00:00:00-04:00,3.359999895095825,3.359999895095825,3.359999895095825,3.359999895095825,0,0.0,0.0
2016-05-02 00:00:00-04:00,3.5999999046325684,4.320000171661377,3.359999895095825,4.320000171661377,875,0.0,0.0
2016-05-03 00:00:00-04:00,4.320000171661377,4.320000171661377,4.320000171661377,4.320000171661377,0,0.0,0.0
2016-05-04 00:00:00-04:00,4.320000171661377,4.320000171661377,3.8399999141693115,3.8399999141693115,1417,0.0,0.0
2016-05-05 00:00:00-04:00,3.5999999046325684,4.320000171661377,3.5999999046325684,4.320000171661377,433,0.0,0.0
2016-05-06 00:00:00-04:00,4.320000171661377,4.320000171661377,4.320000171661377,4.320000171661377,0,0.0,0.0
2016-05-09 00:00:00-04:00,3.4800000190734863,4.679999828338623,3.4800000190734863,4.679999828338623,167,0.0,0.0
2016-05-10 00:00:00-04:00,4.679999828338623,4.679999828338623,4.679999828338623,4.679999828338623,0,0.0,0.0
2016-05-11 00:00:00-04:00,4.679999828338623,4.679999828338623,4.679999828338623,4.679999828338623,0,0.0,0.0
2016-05-12 00:00:00-04:00,3.7200000286102295,4.320000171661377,3.7200000286102295,4.320000171661377,1217,0.0,0.0
2016-05-13 00:00:00-04:00,4.199999809265137,4.320000171661377,3.9600000381469727,3.9600000381469727,1875,0.0,0.0
2016-05-16 00:00:00-04:00,4.199999809265137,4.199999809265137,4.079999923706055,4.079999923706055,2783,0.0,0.0
2016-05-17 00:00:00-04:00,3.8399999141693115,4.320000171661377,3.7200000286102295,4.320000171661377,192,0.0,0.0
2016-05-18 00:00:00-04:00,4.320000171661377,4.320000171661377,4.320000171661377,4.320000171661377,1292,0.0,0.0
2016-05-19 00:00:00-04:00,4.320000171661377,4.320000171661377,4.320000171661377,4.320000171661377,0,0.0,0.0
2016-05-20 00:00:00-04:00,4.320000171661377,4.320000171661377,4.320000171661377,4.320000171661377,0,0.0,0.0
2016-05-23 00:00:00-04:00,4.199999809265137,4.800000190734863,4.199999809265137,4.800000190734863,33,0.0,0.0
2016-05-24 00:00:00-04:00,4.800000190734863,4.800000190734863,4.440000057220459,4.440000057220459,1358,0.0,0.0
2016-05-25 00:00:00-04:00,4.320000171661377,4.559999942779541,4.320000171661377,4.559999942779541,692,0.0,0.0
2016-05-26 00:00:00-04:00,4.559999942779541,4.559999942779541,4.559999942779541,4.559999942779541,0,0.0,0.0
2016-05-27 00:00:00-04:00,4.320000171661377,4.559999942779541,4.320000171661377,4.559999942779541,600,0.0,0.0
2016-05-31 00:00:00-04:00,4.559999942779541,4.559999942779541,4.199999809265137,4.199999809265137,1708,0.0,0.0
2016-06-01 00:00:00-04:00,4.320000171661377,4.559999942779541,4.320000171661377,4.559999942779541,1725,0.0,0.0
2016-06-02 00:00:00-04:00,4.559999942779541,5.400000095367432,4.559999942779541,5.400000095367432,1292,0.0,0.0
2016-06-03 00:00:00-04:00,3.9600000381469727,5.400000095367432,3.9600000381469727,5.400000095367432,108,0.0,0.0
2016-06-06 00:00:00-04:00,5.400000095367432,5.400000095367432,5.400000095367432,5.400000095367432,0,0.0,0.0
2016-06-07 00:00:00-04:00,3.9600000381469727,5.28000020980835,3.9600000381469727,5.28000020980835,83,0.0,0.0
2016-06-08 00:00:00-04:00,5.28000020980835,5.28000020980835,5.28000020980835,5.28000020980835,0,0.0,0.0
2016-06-09 00:00:00-04:00,5.28000020980835,5.28000020980835,5.28000020980835,5.28000020980835,0,0.0,0.0
2016-06-10 00:00:00-04:00,4.800000190734863,4.800000190734863,3.359999895095825,3.359999895095825,908,0.0,0.0
2016-06-13 00:00:00-04:00,3.7200000286102295,5.28000020980835,3.359999895095825,4.800000190734863,483,0.0,0.0
2016-06-14 00:00:00-04:00,4.800000190734863,4.800000190734863,3.8399999141693115,4.800000190734863,75,0.0,0.0
2016-06-15 00:00:00-04:00,3.8399999141693115,4.559999942779541,3.8399999141693115,4.559999942779541,50,0.0,0.0
2016-06-16 00:00:00-04:00,4.559999942779541,4.559999942779541,4.559999942779541,4.559999942779541,17,0.0,0.0
2016-06-17 00:00:00-04:00,4.800000190734863,4.800000190734863,3.8399999141693115,4.199999809265137,1867,0.0,0.0
2016-06-20 00:00:00-04:00,4.199999809265137,4.199999809265137,4.199999809265137,4.199999809265137,208,0.0,0.0
2016-06-21 00:00:00-04:00,4.199999809265137,4.199999809265137,4.199999809265137,4.199999809265137,0,0.0,0.0
2016-06-22 00:00:00-04:00,3.8399999141693115,4.199999809265137,3.8399999141693115,4.199999809265137,142,0.0,0.0
2016-06-23 00:00:00-04:00,4.199999809265137,4.559999942779541,4.199999809265137,4.559999942779541,7950,0.0,0.0
2016-06-24 00:00:00-04:00,4.559999942779541,4.679999828338623,4.559999942779541,4.559999942779541,1933,0.0,0.0
2016-06-27 00:00:00-04:00,4.679999828338623,4.679999828338623,4.559999942779541,4.679999828338623,3558,0.0,0.0
2016-06-28 00:00:00-04:00,4.559999942779541,4.679999828338623,4.559999942779541,4.679999828338623,5383,0.0,0.0
2016-06-29 00:00:00-04:00,4.559999942779541,5.400000095367432,4.559999942779541,5.400000095367432,1233,0.0,0.0
2016-06-30 00:00:00-04:00,3.9600000381469727,5.400000095367432,3.9600000381469727,5.400000095367432,100,0.0,0.0
2016-07-01 00:00:00-04:00,5.400000095367432,5.400000095367432,5.400000095367432,5.400000095367432,0,0.0,0.0
2016-07-05 00:00:00-04:00,3.8399999141693115,5.400000095367432,3.8399999141693115,5.400000095367432,33,0.0,0.0
2016-07-06 00:00:00-04:00,5.400000095367432,5.400000095367432,4.199999809265137,5.400000095367432,83,0.0,0.0
2016-07-07 00:00:00-04:00,5.28000020980835,5.400000095367432,5.28000020980835,5.400000095367432,167,0.0,0.0
2016-07-08 00:00:00-04:00,5.400000095367432,5.400000095367432,5.400000095367432,5.400000095367432,0,0.0,0.0
2016-07-11 00:00:00-04:00,5.400000095367432,5.400000095367432,5.400000095367432,5.400000095367432,0,0.0,0.0
2016-07-12 00:00:00-04:00,4.199999809265137,5.400000095367432,4.199999809265137,5.400000095367432,333,0.0,0.0
2016-07-13 00:00:00-04:00,5.400000095367432,5.400000095367432,5.400000095367432,5.400000095367432,0,0.0,0.0
2016-07-14 00:00:00-04:00,4.199999809265137,5.400000095367432,4.199999809265137,5.400000095367432,475,0.0,0.0
2016-07-15 00:00:00-04:00,5.400000095367432,5.400000095367432,5.400000095367432,5.400000095367432,25,0.0,0.0
2016-07-18 00:00:00-04:00,6.239999771118164,6.239999771118164,6.239999771118164,6.239999771118164,17,0.0,0.0
2016-07-19 00:00:00-04:00,6.239999771118164,6.239999771118164,6.239999771118164,6.239999771118164,0,0.0,0.0
2016-07-20 00:00:00-04:00,6.239999771118164,6.239999771118164,6.239999771118164,6.239999771118164,0,0.0,0.0
2016-07-21 00:00:00-04:00,6.239999771118164,6.239999771118164,6.239999771118164,6.239999771118164,0,0.0,0.0
2016-07-22 00:00:00-04:00,4.440000057220459,4.440000057220459,4.320000171661377,4.320000171661377,533,0.0,0.0
2016-07-25 00:00:00-04:00,4.440000057220459,5.159999847412109,4.440000057220459,5.159999847412109,733,0.0,0.0
2016-07-26 00:00:00-04:00,3.9600000381469727,5.159999847412109,3.9600000381469727,5.159999847412109,92,0.0,0.0
2016-07-27 00:00:00-04:00,5.159999847412109,5.159999847412109,5.159999847412109,5.159999847412109,0,0.0,0.0
2016-07-28 00:00:00-04:00,4.679999828338623,5.159999847412109,4.679999828338623,5.159999847412109,358,0.0,0.0
2016-07-29 00:00:00-04:00,3.9600000381469727,5.159999847412109,3.9600000381469727,5.159999847412109,267,0.0,0.0
2016-08-01 00:00:00-04:00,3.9600000381469727,5.159999847412109,3.9600000381469727,5.159999847412109,2583,0.0,0.0
2016-08-02 00:00:00-04:00,5.159999847412109,5.159999847412109,5.159999847412109,5.159999847412109,0,0.0,0.0
2016-08-03 00:00:00-04:00,5.159999847412109,5.159999847412109,5.159999847412109,5.159999847412109,0,0.0,0.0
2016-08-04 00:00:00-04:00,5.159999847412109,5.159999847412109,5.159999847412109,5.159999847412109,0,0.0,0.0
2016-08-05 00:00:00-04:00,5.159999847412109,5.159999847412109,5.159999847412109,5.159999847412109,0,0.0,0.0
2016-08-08 00:00:00-04:00,5.159999847412109,5.159999847412109,5.159999847412109,5.159999847412109,0,0.0,0.0
2016-08-09 00:00:00-04:00,5.159999847412109,5.159999847412109,5.159999847412109,5.159999847412109,0,0.0,0.0
2016-08-10 00:00:00-04:00,5.159999847412109,5.159999847412109,5.159999847412109,5.159999847412109,0,0.0,0.0
2016-08-11 00:00:00-04:00,3.9600000381469727,5.159999847412109,3.9600000381469727,5.159999847412109,67,0.0,0.0
2016-08-12 00:00:00-04:00,4.079999923706055,5.039999961853027,4.079999923706055,5.039999961853027,100,0.0,0.0
2016-08-15 00:00:00-04:00,4.079999923706055,4.559999942779541,4.079999923706055,4.559999942779541,450,0.0,0.0
2016-08-16 00:00:00-04:00,4.559999942779541,4.559999942779541,4.559999942779541,4.559999942779541,42,0.0,0.0
2016-08-17 00:00:00-04:00,4.559999942779541,4.559999942779541,4.559999942779541,4.559999942779541,0,0.0,0.0
2016-08-18 00:00:00-04:00,4.559999942779541,4.559999942779541,4.559999942779541,4.559999942779541,0,0.0,0.0
2016-08-19 00:00:00-04:00,4.559999942779541,4.559999942779541,4.559999942779541,4.559999942779541,0,0.0,0.0
2016-08-22 00:00:00-04:00,4.079999923706055,4.559999942779541,4.079999923706055,4.559999942779541,2567,0.0,0.0
2016-08-23 00:00:00-04:00,4.559999942779541,4.559999942779541,4.559999942779541,4.559999942779541,0,0.0,0.0
2016-08-24 00:00:00-04:00,4.559999942779541,4.559999942779541,4.559999942779541,4.559999942779541,0,0.0,0.0
2016-08-25 00:00:00-04:00,4.079999923706055,4.559999942779541,4.079999923706055,4.559999942779541,1833,0.0,0.0
2016-08-26 00:00:00-04:00,4.559999942779541,4.559999942779541,4.559999942779541,4.559999942779541,0,0.0,0.0
2016-08-29 00:00:00-04:00,4.079999923706055,4.559999942779541,4.079999923706055,4.559999942779541,267,0.0,0.0
2016-08-30 00:00:00-04:00,5.159999847412109,5.159999847412109,5.159999847412109,5.159999847412109,17,0.0,0.0
2016-08-31 00:00:00-04:00,3.8399999141693115,5.159999847412109,3.8399999141693115,5.159999847412109,167,0.0,0.0
2016-09-01 00:00:00-04:00,5.159999847412109,5.159999847412109,5.159999847412109,5.159999847412109,0,0.0,0.0
2016-09-02 00:00:00-04:00,5.159999847412109,5.159999847412109,5.159999847412109,5.159999847412109,0,0.0,0.0
2016-09-06 00:00:00-04:00,5.159999847412109,5.159999847412109,5.159999847412109,5.159999847412109,0,0.0,0.0
2016-09-07 00:00:00-04:00,5.159999847412109,5.159999847412109,5.159999847412109,5.159999847412109,0,0.0,0.0
2016-09-08 00:00:00-04:00,5.159999847412109,5.159999847412109,5.159999847412109,5.159999847412109,0,0.0,0.0
2016-09-09 00:00:00-04:00,5.159999847412109,5.159999847412109,5.159999847412109,5.159999847412109,0,0.0,0.0
2016-09-12 00:00:00-04:00,3.8399999141693115,5.159999847412109,3.8399999141693115,3.8399999141693115,125,0.0,0.0
2016-09-13 00:00:00-04:00,5.159999847412109,5.159999847412109,3.9600000381469727,5.039999961853027,3133,0.0,0.0
2016-09-14 00:00:00-04:00,4.440000057220459,4.920000076293945,4.440000057220459,4.920000076293945,58,0.0,0.0
2016-09-15 00:00:00-04:00,4.440000057220459,4.440000057220459,4.440000057220459,4.440000057220459,1617,0.0,0.0
2016-09-16 00:00:00-04:00,4.320000171661377,5.039999961853027,4.320000171661377,5.039999961853027,875,0.0,0.0
2016-09-19 00:00:00-04:00,5.039999961853027,5.039999961853027,5.039999961853027,5.039999961853027,0,0.0,0.0
2016-09-20 00:00:00-04:00,4.559999942779541,4.559999942779541,4.559999942779541,4.559999942779541,242,0.0,0.0
2016-09-21 00:00:00-04:00,5.039999961853027,5.039999961853027,5.039999961853027,5.039999961853027,25,0.0,0.0
2016-09-22 00:00:00-04:00,4.559999942779541,5.039999961853027,4.559999942779541,5.039999961853027,183,0.0,0.0
2016-09-23 00:00:00-04:00,4.559999942779541,5.039999961853027,4.079999923706055,5.039999961853027,1200,0.0,0.0
2016-09-26 00:00:00-04:00,4.800000190734863,5.039999961853027,4.199999809265137,5.039999961853027,200,0.0,0.0
2016-09-27 00:00:00-04:00,5.039999961853027,5.039999961853027,5.039999961853027,5.039999961853027,0,0.0,0.0
2016-09-28 00:00:00-04:00,4.920000076293945,4.920000076293945,4.920000076293945,4.920000076293945,92,0.0,0.0
2016-09-29 00:00:00-04:00,4.199999809265137,4.920000076293945,4.079999923706055,4.920000076293945,167,0.0,0.0
2016-09-30 00:00:00-04:00,4.920000076293945,4.920000076293945,4.920000076293945,4.920000076293945,0,0.0,0.0
2016-10-03 00:00:00-04:00,4.920000076293945,4.920000076293945,4.920000076293945,4.920000076293945,0,0.0,0.0
2016-10-04 00:00:00-04:00,4.920000076293945,4.920000076293945,4.920000076293945,4.920000076293945,0,0.0,0.0
2016-10-05 00:00:00-04:00,4.920000076293945,4.920000076293945,4.920000076293945,4.920000076293945,0,0.0,0.0
2016-10-06 00:00:00-04:00,4.320000171661377,4.920000076293945,4.320000171661377,4.920000076293945,225,0.0,0.0
2016-10-07 00:00:00-04:00,4.920000076293945,4.920000076293945,4.199999809265137,4.199999809265137,150,0.0,0.0
2016-10-10 00:00:00-04:00,4.920000076293945,4.920000076293945,4.920000076293945,4.920000076293945,17,0.0,0.0
2016-10-11 00:00:00-04:00,4.920000076293945,4.920000076293945,4.920000076293945,4.920000076293945,0,0.0,0.0
2016-10-12 00:00:00-04:00,4.920000076293945,4.920000076293945,4.920000076293945,4.920000076293945,0,0.0,0.0
2016-10-13 00:00:00-04:00,4.199999809265137,4.920000076293945,4.079999923706055,4.920000076293945,1350,0.0,0.0
2016-10-14 00:00:00-04:00,4.920000076293945,4.920000076293945,4.920000076293945,4.920000076293945,0,0.0,0.0
2016-10-17 00:00:00-04:00,4.079999923706055,4.920000076293945,4.079999923706055,4.920000076293945,342,0.0,0.0
2016-10-18 00:00:00-04:00,4.079999923706055,4.920000076293945,4.079999923706055,4.920000076293945,3358,0.0,0.0
2016-10-19 00:00:00-04:00,4.920000076293945,4.920000076293945,4.920000076293945,4.920000076293945,0,0.0,0.0
2016-10-20 00:00:00-04:00,4.079999923706055,4.800000190734863,4.079999923706055,4.800000190734863,2283,0.0,0.0
2016-10-21 00:00:00-04:00,3.5999999046325684,4.199999809265137,3.5999999046325684,4.199999809265137,67,0.0,0.0
2016-10-24 00:00:00-04:00,4.559999942779541,4.559999942779541,4.559999942779541,4.559999942779541,17,0.0,0.0
2016-10-25 00:00:00-04:00,4.559999942779541,4.559999942779541,4.559999942779541,4.559999942779541,0,0.0,0.0
2016-10-26 00:00:00-04:00,3.9600000381469727,4.559999942779541,3.9600000381469727,4.559999942779541,692,0.0,0.0
2016-10-27 00:00:00-04:00,4.559999942779541,4.559999942779541,4.559999942779541,4.559999942779541,0,0.0,0.0
2016-10-28 00:00:00-04:00,4.559999942779541,4.559999942779541,4.559999942779541,4.559999942779541,0,0.0,0.0
2016-10-31 00:00:00-04:00,4.559999942779541,4.559999942779541,4.559999942779541,4.559999942779541,25,0.0,0.0
2016-11-01 00:00:00-04:00,3.9600000381469727,4.559999942779541,3.8399999141693115,4.559999942779541,183,0.0,0.0
2016-11-02 00:00:00-04:00,3.7200000286102295,4.559999942779541,3.359999895095825,4.559999942779541,5192,0.0,0.0
2016-11-03 00:00:00-04:00,4.559999942779541,4.559999942779541,4.559999942779541,4.559999942779541,0,0.0,0.0
2016-11-04 00:00:00-04:00,3.5999999046325684,3.5999999046325684,3.5999999046325684,3.5999999046325684,517,0.0,0.0
2016-11-07 00:00:00-05:00,3.9600000381469727,4.440000057220459,3.7200000286102295,4.440000057220459,1958,0.0,0.0
2016-11-08 00:00:00-05:00,4.079999923706055,4.079999923706055,4.079999923706055,4.079999923706055,1517,0.0,0.0
2016-11-09 00:00:00-05:00,4.079999923706055,4.320000171661377,4.079999923706055,4.320000171661377,2833,0.0,0.0
2016-11-10 00:00:00-05:00,4.079999923706055,4.800000190734863,4.079999923706055,4.800000190734863,858,0.0,0.0
2016-11-11 00:00:00-05:00,4.800000190734863,4.800000190734863,4.800000190734863,4.800000190734863,75,0.0,0.0
2016-11-14 00:00:00-05:00,4.079999923706055,4.800000190734863,4.079999923706055,4.800000190734863,875,0.0,0.0
2016-11-15 00:00:00-05:00,4.079999923706055,4.800000190734863,4.079999923706055,4.800000190734863,150,0.0,0.0
2016-11-16 00:00:00-05:00,4.800000190734863,4.800000190734863,4.800000190734863,4.800000190734863,0,0.0,0.0
2016-11-17 00:00:00-05:00,4.679999828338623,4.800000190734863,4.679999828338623,4.800000190734863,342,0.0,0.0
2016-11-18 00:00:00-05:00,4.079999923706055,4.079999923706055,4.079999923706055,4.079999923706055,8,0.0,0.0
2016-11-21 00:00:00-05:00,4.079999923706055,4.800000190734863,4.079999923706055,4.800000190734863,25,0.0,0.0
2016-11-22 00:00:00-05:00,4.800000190734863,4.800000190734863,4.800000190734863,4.800000190734863,0,0.0,0.0
2016-11-23 00:00:00-05:00,4.199999809265137,4.800000190734863,4.079999923706055,4.800000190734863,7367,0.0,0.0
2016-11-25 00:00:00-05:00,4.320000171661377,4.320000171661377,4.079999923706055,4.079999923706055,167,0.0,0.0
2016-11-28 00:00:00-05:00,4.079999923706055,4.679999828338623,4.079999923706055,4.679999828338623,67,0.0,0.0
2016-11-29 00:00:00-05:00,4.559999942779541,4.559999942779541,4.559999942779541,4.559999942779541,208,0.0,0.0
2016-11-30 00:00:00-05:00,4.679999828338623,4.679999828338623,4.679999828338623,4.679999828338623,8,0.0,0.0
2016-12-01 00:00:00-05:00,4.679999828338623,4.679999828338623,4.679999828338623,4.679999828338623,0,0.0,0.0
2016-12-02 00:00:00-05:00,4.679999828338623,4.679999828338623,4.679999828338623,4.679999828338623,0,0.0,0.0
2016-12-05 00:00:00-05:00,4.679999828338623,4.679999828338623,4.679999828338623,4.679999828338623,0,0.0,0.0
2016-12-06 00:00:00-05:00,4.679999828338623,4.679999828338623,4.679999828338623,4.679999828338623,0,0.0,0.0
2016-12-07 00:00:00-05:00,4.679999828338623,4.679999828338623,4.679999828338623,4.679999828338623,0,0.0,0.0
2016-12-08 00:00:00-05:00,4.320000171661377,4.679999828338623,4.320000171661377,4.679999828338623,50,0.0,0.0
2016-12-09 00:00:00-05:00,4.679999828338623,4.679999828338623,4.679999828338623,4.679999828338623,0,0.0,0.0
2016-12-12 00:00:00-05:00,4.320000171661377,4.679999828338623,4.079999923706055,4.679999828338623,1092,0.0,0.0
2016-12-13 00:00:00-05:00,4.679999828338623,4.679999828338623,4.679999828338623,4.679999828338623,0,0.0,0.0
2016-12-14 00:00:00-05:00,4.679999828338623,4.679999828338623,4.679999828338623,4.679999828338623,0,0.0,0.0
2016-12-15 00:00:00-05:00,4.679999828338623,4.679999828338623,4.679999828338623,4.679999828338623,0,0.0,0.0
2016-12-16 00:00:00-05:00,4.679999828338623,4.679999828338623,4.679999828338623,4.679999828338623,0,0.0,0.0
2016-12-19 00:00:00-05:00,4.679999828338623,4.679999828338623,4.199999809265137,4.679999828338623,242,0.0,0.0
2016-12-20 00:00:00-05:00,4.679999828338623,4.679999828338623,4.679999828338623,4.679999828338623,0,0.0,0.0
2016-12-21 00:00:00-05:00,4.679999828338623,4.679999828338623,4.679999828338623,4.679999828338623,0,0.0,0.0
2016-12-22 00:00:00-05:00,4.679999828338623,4.679999828338623,4.679999828338623,4.679999828338623,0,0.0,0.0
2016-12-23 00:00:00-05:00,4.679999828338623,4.679999828338623,4.679999828338623,4.679999828338623,0,0.0,0.0
2016-12-27 00:00:00-05:00,4.199999809265137,4.559999942779541,4.199999809265137,4.559999942779541,475,0.0,0.0
2016-12-28 00:00:00-05:00,4.559999942779541,4.559999942779541,4.559999942779541,4.559999942779541,0,0.0,0.0
2016-12-29 00:00:00-05:00,4.559999942779541,4.559999942779541,4.559999942779541,4.559999942779541,0,0.0,0.0
2016-12-30 00:00:00-05:00,4.079999923706055,4.079999923706055,3.7200000286102295,3.7200000286102295,833,0.0,0.0
2017-01-03 00:00:00-05:00,3.7200000286102295,3.8399999141693115,3.7200000286102295,3.8399999141693115,367,0.0,0.0
2017-01-04 00:00:00-05:00,3.5999999046325684,4.440000057220459,3.5999999046325684,4.440000057220459,167,0.0,0.0
2017-01-05 00:00:00-05:00,4.440000057220459,4.440000057220459,4.440000057220459,4.440000057220459,0,0.0,0.0
2017-01-06 00:00:00-05:00,4.440000057220459,4.440000057220459,4.440000057220459,4.440000057220459,0,0.0,0.0
2017-01-09 00:00:00-05:00,3.8399999141693115,4.440000057220459,3.8399999141693115,4.440000057220459,567,0.0,0.0
2017-01-10 00:00:00-05:00,4.440000057220459,4.440000057220459,4.440000057220459,4.440000057220459,0,0.0,0.0
2017-01-11 00:00:00-05:00,4.440000057220459,4.440000057220459,4.440000057220459,4.440000057220459,0,0.0,0.0
2017-01-12 00:00:00-05:00,4.440000057220459,4.440000057220459,4.440000057220459,4.440000057220459,0,0.0,0.0
2017-01-13 00:00:00-05:00,4.440000057220459,4.440000057220459,4.440000057220459,4.440000057220459,0,0.0,0.0
2017-01-17 00:00:00-05:00,3.8399999141693115,4.440000057220459,3.8399999141693115,4.440000057220459,433,0.0,0.0
2017-01-18 00:00:00-05:00,4.440000057220459,4.440000057220459,4.440000057220459,4.440000057220459,0,0.0,0.0
2017-01-19 00:00:00-05:00,3.9600000381469727,4.559999942779541,3.9600000381469727,4.559999942779541,150,0.0,0.0
2017-01-20 00:00:00-05:00,4.559999942779541,4.559999942779541,4.559999942779541,4.559999942779541,0,0.0,0.0
2017-01-23 00:00:00-05:00,4.079999923706055,4.559999942779541,4.079999923706055,4.559999942779541,67,0.0,0.0
2017-01-24 00:00:00-05:00,4.079999923706055,4.559999942779541,4.079999923706055,4.559999942779541,58,0.0,0.0
2017-01-25 00:00:00-05:00,4.559999942779541,4.559999942779541,4.559999942779541,4.559999942779541,0,0.0,0.0
2017-01-26 00:00:00-05:00,4.559999942779541,5.400000095367432,4.440000057220459,5.400000095367432,3775,0.0,0.0
2017-01-27 00:00:00-05:00,5.159999847412109,6.119999885559082,5.159999847412109,6.0,650,0.0,0.0
2017-01-30 00:00:00-05:00,6.0,6.0,6.0,6.0,0,0.0,0.0
2017-01-31 00:00:00-05:00,5.639999866485596,5.639999866485596,3.359999895095825,4.920000076293945,1883,0.0,0.0
2017-02-01 00:00:00-05:00,4.320000171661377,5.760000228881836,4.320000171661377,5.760000228881836,1950,0.0,0.0
2017-02-02 00:00:00-05:00,6.0,6.960000038146973,3.8399999141693115,6.599999904632568,2475,0.0,0.0
2017-02-03 00:00:00-05:00,6.360000133514404,6.599999904632568,6.239999771118164,6.599999904632568,4208,0.0,0.0
2017-02-06 00:00:00-05:00,6.960000038146973,7.079999923706055,6.960000038146973,7.079999923706055,1108,0.0,0.0
2017-02-07 00:00:00-05:00,7.079999923706055,8.039999961853027,7.079999923706055,8.039999961853027,3517,0.0,0.0
2017-02-08 00:00:00-05:00,8.760000228881836,8.760000228881836,6.360000133514404,8.640000343322754,692,0.0,0.0
2017-02-09 00:00:00-05:00,7.920000076293945,7.920000076293945,6.480000019073486,7.199999809265137,4083,0.0,0.0
2017-02-10 00:00:00-05:00,8.640000343322754,8.640000343322754,8.15999984741211,8.15999984741211,350,0.0,0.0
2017-02-13 00:00:00-05:00,8.279999732971191,8.399999618530273,7.199999809265137,8.399999618530273,1467,0.0,0.0
2017-02-14 00:00:00-05:00,8.15999984741211,8.399999618530273,7.320000171661377,8.399999618530273,333,0.0,0.0
2017-02-15 00:00:00-05:00,7.199999809265137,8.399999618530273,7.199999809265137,8.399999618530273,50,0.0,0.0
2017-02-16 00:00:00-05:00,7.920000076293945,9.0,7.920000076293945,8.399999618530273,20617,0.0,0.0
2017-02-17 00:00:00-05:00,8.399999618530273,9.600000381469727,8.399999618530273,9.600000381469727,3133,0.0,0.0
2017-02-21 00:00:00-05:00,9.720000267028809,10.680000305175781,8.520000457763672,9.600000381469727,3008,0.0,0.0
2017-02-22 00:00:00-05:00,9.479999542236328,10.199999809265137,9.479999542236328,10.079999923706055,3358,0.0,0.0
2017-02-23 00:00:00-05:00,9.600000381469727,10.079999923706055,9.600000381469727,9.960000038146973,300,0.0,0.0
2017-02-24 00:00:00-05:00,9.600000381469727,9.84000015258789,9.0,9.600000381469727,542,0.0,0.0
2017-02-27 00:00:00-05:00,8.520000457763672,9.600000381469727,8.15999984741211,9.600000381469727,2883,0.0,0.0
2017-02-28 00:00:00-05:00,8.760000228881836,9.600000381469727,8.760000228881836,9.600000381469727,375,0.0,0.0
2017-03-01 00:00:00-05:00,9.239999771118164,9.600000381469727,9.239999771118164,9.600000381469727,33,0.0,0.0
2017-03-02 00:00:00-05:00,9.359999656677246,9.600000381469727,8.640000343322754,8.760000228881836,550,0.0,0.0
2017-03-03 00:00:00-05:00,9.359999656677246,9.359999656677246,9.239999771118164,9.239999771118164,583,0.0,0.0
2017-03-06 00:00:00-05:00,8.640000343322754,9.119999885559082,8.640000343322754,9.119999885559082,42,0.0,0.0
2017-03-07 00:00:00-05:00,9.0,9.0,7.920000076293945,9.0,175,0.0,0.0
2017-03-08 00:00:00-05:00,8.760000228881836,9.479999542236328,8.399999618530273,9.479999542236328,6017,0.0,0.0
2017-03-09 00:00:00-05:00,9.479999542236328,9.479999542236328,9.119999885559082,9.479999542236328,4017,0.0,0.0
2017-03-10 00:00:00-05:00,9.600000381469727,9.600000381469727,9.119999885559082,9.600000381469727,1708,0.0,0.0
2017-03-13 00:00:00-04:00,9.600000381469727,9.84000015258789,9.600000381469727,9.84000015258789,1892,0.0,0.0
2017-03-14 00:00:00-04:00,9.600000381469727,9.84000015258789,9.119999885559082,9.84000015258789,483,0.0,0.0
2017-03-15 00:00:00-04:00,9.600000381469727,9.600000381469727,9.600000381469727,9.600000381469727,583,0.0,0.0
2017-03-16 00:00:00-04:00,9.600000381469727,9.84000015258789,9.600000381469727,9.84000015258789,1075,0.0,0.0
2017-03-17 00:00:00-04:00,9.119999885559082,10.079999923706055,9.119999885559082,9.84000015258789,1625,0.0,0.0
2017-03-20 00:00:00-04:00,10.199999809265137,10.199999809265137,9.479999542236328,9.84000015258789,992,0.0,0.0
2017-03-21 00:00:00-04:00,9.600000381469727,9.84000015258789,9.600000381469727,9.84000015258789,392,0.0,0.0
2017-03-22 00:00:00-04:00,9.600000381469727,9.600000381469727,9.600000381469727,9.600000381469727,250,0.0,0.0
2017-03-23 00:00:00-04:00,9.119999885559082,9.84000015258789,9.0,9.84000015258789,667,0.0,0.0
2017-03-24 00:00:00-04:00,9.84000015258789,9.84000015258789,9.720000267028809,9.720000267028809,1858,0.0,0.0
2017-03-27 00:00:00-04:00,9.720000267028809,9.720000267028809,9.720000267028809,9.720000267028809,0,0.0,0.0
2017-03-28 00:00:00-04:00,9.720000267028809,10.199999809265137,9.720000267028809,10.199999809265137,1258,0.0,0.0
2017-03-29 00:00:00-04:00,10.199999809265137,10.199999809265137,10.199999809265137,10.199999809265137,417,0.0,0.0
2017-03-30 00:00:00-04:00,10.4399995803833,10.4399995803833,10.4399995803833,10.4399995803833,8,0.0,0.0
2017-03-31 00:00:00-04:00,10.4399995803833,11.279999732971191,10.4399995803833,10.800000190734863,1183,0.0,0.0
2017-04-03 00:00:00-04:00,10.800000190734863,11.760000228881836,10.800000190734863,11.520000457763672,825,0.0,0.0
2017-04-04 00:00:00-04:00,6.599999904632568,10.800000190734863,6.599999904632568,10.4399995803833,3642,0.0,0.0
2017-04-05 00:00:00-04:00,10.4399995803833,10.4399995803833,10.4399995803833,10.4399995803833,1250,0.0,0.0
2017-04-06 00:00:00-04:00,10.5600004196167,10.5600004196167,10.4399995803833,10.4399995803833,833,0.0,0.0
2017-04-07 00:00:00-04:00,11.15999984741211,11.15999984741211,10.800000190734863,10.800000190734863,558,0.0,0.0
2017-04-10 00:00:00-04:00,10.4399995803833,10.800000190734863,10.4399995803833,10.800000190734863,3667,0.0,0.0
2017-04-11 00:00:00-04:00,10.800000190734863,11.039999961853027,10.800000190734863,11.039999961853027,2150,0.0,0.0
2017-04-12 00:00:00-04:00,11.039999961853027,11.039999961853027,11.039999961853027,11.039999961853027,0,0.0,0.0
2017-04-13 00:00:00-04:00,10.800000190734863,11.039999961853027,10.5600004196167,10.5600004196167,2175,0.0,0.0
2017-04-17 00:00:00-04:00,8.399999618530273,10.199999809265137,8.399999618530273,10.199999809265137,25,0.0,0.0
2017-04-18 00:00:00-04:00,10.199999809265137,10.199999809265137,10.199999809265137,10.199999809265137,0,0.0,0.0
2017-04-19 00:00:00-04:00,9.600000381469727,9.600000381469727,9.119999885559082,9.600000381469727,858,0.0,0.0
2017-04-20 00:00:00-04:00,9.600000381469727,9.600000381469727,9.600000381469727,9.600000381469727,8,0.0,0.0
2017-04-21 00:00:00-04:00,8.880000114440918,9.600000381469727,8.880000114440918,9.600000381469727,92,0.0,0.0
2017-04-24 00:00:00-04:00,8.640000343322754,9.239999771118164,8.399999618530273,9.239999771118164,1075,0.0,0.0
2017-04-25 00:00:00-04:00,7.199999809265137,9.239999771118164,7.199999809265137,9.239999771118164,133,0.0,0.0
2017-04-26 00:00:00-04:00,9.239999771118164,9.239999771118164,9.239999771118164,9.239999771118164,0,0.0,0.0
2017-04-27 00:00:00-04:00,9.0,9.0,8.399999618530273,8.880000114440918,2408,0.0,0.0
2017-04-28 00:00:00-04:00,9.239999771118164,9.239999771118164,8.399999618530273,8.880000114440918,850,0.0,0.0
2017-05-01 00:00:00-04:00,8.399999618530273,8.640000343322754,8.399999618530273,8.520000457763672,692,0.0,0.0
2017-05-02 00:00:00-04:00,9.239999771118164,9.239999771118164,8.520000457763672,9.0,33,0.0,0.0
2017-05-03 00:00:00-04:00,9.0,9.0,9.0,9.0,0,0.0,0.0
2017-05-04 00:00:00-04:00,8.399999618530273,9.119999885559082,8.399999618530273,9.0,325,0.0,0.0
2017-05-05 00:00:00-04:00,9.0,9.0,9.0,9.0,150,0.0,0.0
2017-05-08 00:00:00-04:00,9.0,9.0,9.0,9.0,1583,0.0,0.0
2017-05-09 00:00:00-04:00,9.0,9.0,9.0,9.0,0,0.0,0.0
2017-05-10 00:00:00-04:00,9.0,9.0,8.880000114440918,8.880000114440918,833,0.0,0.0
2017-05-11 00:00:00-04:00,8.880000114440918,8.880000114440918,8.880000114440918,8.880000114440918,0,0.0,0.0
2017-05-12 00:00:00-04:00,8.399999618530273,8.760000228881836,8.399999618530273,8.399999618530273,1175,0.0,0.0
2017-05-15 00:00:00-04:00,8.399999618530273,8.640000343322754,8.399999618530273,8.520000457763672,758,0.0,0.0
2017-05-16 00:00:00-04:00,8.399999618530273,8.399999618530273,8.399999618530273,8.399999618530273,167,0.0,0.0
2017-05-17 00:00:00-04:00,8.399999618530273,8.399999618530273,8.399999618530273,8.399999618530273,0,0.0,0.0
2017-05-18 00:00:00-04:00,8.399999618530273,8.399999618530273,8.15999984741211,8.279999732971191,2083,0.0,0.0
2017-05-19 00:00:00-04:00,8.279999732971191,8.279999732971191,8.279999732971191,8.279999732971191,2300,0.0,0.0
2017-05-22 00:00:00-04:00,8.279999732971191,8.279999732971191,8.15999984741211,8.279999732971191,692,0.0,0.0
2017-05-23 00:00:00-04:00,7.559999942779541,7.559999942779541,7.559999942779541,7.559999942779541,150,0.0,0.0
2017-05-24 00:00:00-04:00,7.559999942779541,7.559999942779541,7.079999923706055,7.559999942779541,558,0.0,0.0
2017-05-25 00:00:00-04:00,7.440000057220459,7.559999942779541,7.440000057220459,7.440000057220459,483,0.0,0.0
2017-05-26 00:00:00-04:00,7.440000057220459,7.559999942779541,7.199999809265137,7.199999809265137,2992,0.0,0.0
2017-05-30 00:00:00-04:00,7.199999809265137,7.559999942779541,7.079999923706055,7.079999923706055,1650,0.0,0.0
2017-05-31 00:00:00-04:00,7.079999923706055,7.079999923706055,7.079999923706055,7.079999923706055,0,0.0,0.0
2017-06-01 00:00:00-04:00,7.079999923706055,7.559999942779541,6.599999904632568,7.440000057220459,2717,0.0,0.0
2017-06-02 00:00:00-04:00,7.199999809265137,7.199999809265137,7.199999809265137,7.199999809265137,475,0.0,0.0
2017-06-05 00:00:00-04:00,7.199999809265137,7.199999809265137,6.360000133514404,7.199999809265137,692,0.0,0.0
2017-06-06 00:00:00-04:00,6.840000152587891,7.199999809265137,6.599999904632568,7.199999809265137,58,0.0,0.0
2017-06-07 00:00:00-04:00,6.71999979019165,7.199999809265137,6.599999904632568,7.199999809265137,1008,0.0,0.0
2017-06-08 00:00:00-04:00,6.480000019073486,6.840000152587891,6.480000019073486,6.840000152587891,525,0.0,0.0
2017-06-09 00:00:00-04:00,6.599999904632568,6.840000152587891,6.119999885559082,6.119999885559082,3050,0.0,0.0
2017-06-12 00:00:00-04:00,7.079999923706055,7.079999923706055,7.079999923706055,7.079999923706055,17,0.0,0.0
2017-06-13 00:00:00-04:00,6.960000038146973,6.960000038146973,6.960000038146973,6.960000038146973,417,0.0,0.0
2017-06-14 00:00:00-04:00,6.360000133514404,6.360000133514404,6.239999771118164,6.239999771118164,3967,0.0,0.0
2017-06-15 00:00:00-04:00,6.239999771118164,6.239999771118164,6.239999771118164,6.239999771118164,0,0.0,0.0
2017-06-16 00:00:00-04:00,6.239999771118164,6.239999771118164,6.239999771118164,6.239999771118164,600,0.0,0.0
2017-06-19 00:00:00-04:00,6.0,6.360000133514404,6.0,6.360000133514404,50,0.0,0.0
2017-06-20 00:00:00-04:00,6.119999885559082,6.239999771118164,6.0,6.119999885559082,3025,0.0,0.0
2017-06-21 00:00:00-04:00,6.119999885559082,6.119999885559082,6.0,6.119999885559082,2092,0.0,0.0
2017-06-22 00:00:00-04:00,6.0,6.960000038146973,6.0,6.239999771118164,7275,0.0,0.0
2017-06-23 00:00:00-04:00,6.239999771118164,6.840000152587891,6.239999771118164,6.239999771118164,850,0.0,0.0
2017-06-26 00:00:00-04:00,6.239999771118164,6.239999771118164,6.239999771118164,6.239999771118164,4500,0.0,0.0
2017-06-27 00:00:00-04:00,6.119999885559082,6.119999885559082,6.119999885559082,6.119999885559082,83,0.0,0.0
2017-06-28 00:00:00-04:00,6.239999771118164,6.239999771118164,6.0,6.0,650,0.0,0.0
2017-06-29 00:00:00-04:00,5.880000114440918,6.0,5.880000114440918,6.0,417,0.0,0.0
2017-06-30 00:00:00-04:00,5.880000114440918,6.0,5.880000114440918,6.0,867,0.0,0.0
2017-07-03 00:00:00-04:00,6.0,6.0,6.0,6.0,0,0.0,0.0
2017-07-05 00:00:00-04:00,6.0,6.0,5.760000228881836,5.760000228881836,692,0.0,0.0
2017-07-06 00:00:00-04:00,5.760000228881836,5.880000114440918,5.760000228881836,5.880000114440918,133,0.0,0.0
2017-07-07 00:00:00-04:00,5.760000228881836,5.760000228881836,5.760000228881836,5.760000228881836,1775,0.0,0.0
2017-07-10 00:00:00-04:00,5.760000228881836,5.760000228881836,5.760000228881836,5.760000228881836,0,0.0,0.0
2017-07-11 00:00:00-04:00,6.0,6.0,6.0,6.0,850,0.0,0.0
2017-07-12 00:00:00-04:00,5.880000114440918,6.0,5.880000114440918,6.0,658,0.0,0.0
2017-07-13 00:00:00-04:00,6.0,6.119999885559082,5.880000114440918,6.0,3883,0.0,0.0
2017-07-14 00:00:00-04:00,6.0,6.0,6.0,6.0,833,0.0,0.0
2017-07-17 00:00:00-04:00,5.880000114440918,6.480000019073486,5.159999847412109,6.480000019073486,2317,0.0,0.0
2017-07-18 00:00:00-04:00,6.599999904632568,6.599999904632568,5.519999980926514,6.360000133514404,183,0.0,0.0
2017-07-19 00:00:00-04:00,6.360000133514404,6.360000133514404,5.880000114440918,6.0,2650,0.0,0.0
2017-07-20 00:00:00-04:00,6.0,6.0,6.0,6.0,833,0.0,0.0
2017-07-21 00:00:00-04:00,6.0,6.0,6.0,6.0,0,0.0,0.0
2017-07-24 00:00:00-04:00,5.519999980926514,5.760000228881836,5.039999961853027,5.760000228881836,508,0.0,0.0
2017-07-25 00:00:00-04:00,5.880000114440918,5.880000114440918,5.880000114440918,5.880000114440918,8,0.0,0.0
2017-07-26 00:00:00-04:00,5.159999847412109,5.880000114440918,5.159999847412109,5.880000114440918,175,0.0,0.0
2017-07-27 00:00:00-04:00,5.880000114440918,5.880000114440918,5.880000114440918,5.880000114440918,0,0.0,0.0
2017-07-28 00:00:00-04:00,5.28000020980835,5.28000020980835,5.28000020980835,5.28000020980835,833,0.0,0.0
2017-07-31 00:00:00-04:00,5.880000114440918,5.880000114440918,5.880000114440918,5.880000114440918,17,0.0,0.0
2017-08-01 00:00:00-04:00,6.0,6.0,5.28000020980835,5.28000020980835,233,0.0,0.0
2017-08-02 00:00:00-04:00,5.28000020980835,5.880000114440918,5.159999847412109,5.159999847412109,5342,0.0,0.0
2017-08-03 00:00:00-04:00,5.039999961853027,5.28000020980835,4.559999942779541,5.28000020980835,15900,0.0,0.0
2017-08-04 00:00:00-04:00,5.159999847412109,5.28000020980835,4.559999942779541,4.920000076293945,7342,0.0,0.0
2017-08-07 00:00:00-04:00,4.800000190734863,4.800000190734863,4.559999942779541,4.800000190734863,11708,0.0,0.0
2017-08-08 00:00:00-04:00,5.28000020980835,5.28000020980835,4.440000057220459,4.800000190734863,7633,0.0,0.0
2017-08-09 00:00:00-04:00,3.9600000381469727,4.679999828338623,3.9600000381469727,4.679999828338623,4183,0.0,0.0
2017-08-10 00:00:00-04:00,3.9600000381469727,4.679999828338623,3.9600000381469727,4.679999828338623,1817,0.0,0.0
2017-08-11 00:00:00-04:00,4.199999809265137,4.559999942779541,3.9600000381469727,4.559999942779541,367,0.0,0.0
2017-08-14 00:00:00-04:00,4.559999942779541,4.559999942779541,4.079999923706055,4.559999942779541,242,0.0,0.0
2017-08-15 00:00:00-04:00,4.079999923706055,4.559999942779541,3.9600000381469727,4.559999942779541,3350,0.0,0.0
2017-08-16 00:00:00-04:00,3.9600000381469727,4.440000057220459,3.9600000381469727,4.440000057220459,1883,0.0,0.0
2017-08-17 00:00:00-04:00,4.440000057220459,4.800000190734863,4.320000171661377,4.800000190734863,11033,0.0,0.0
2017-08-18 00:00:00-04:00,4.800000190734863,4.800000190734863,4.800000190734863,4.800000190734863,0,0.0,0.0
2017-08-21 00:00:00-04:00,4.800000190734863,4.800000190734863,4.800000190734863,4.800000190734863,233,0.0,0.0
2017-08-22 00:00:00-04:00,4.440000057220459,4.440000057220459,4.440000057220459,4.440000057220459,833,0.0,0.0
2017-08-23 00:00:00-04:00,4.440000057220459,4.440000057220459,4.440000057220459,4.440000057220459,0,0.0,0.0
2017-08-24 00:00:00-04:00,3.9600000381469727,4.199999809265137,3.9600000381469727,4.199999809265137,2750,0.0,0.0
2017-08-25 00:00:00-04:00,3.9600000381469727,4.199999809265137,3.9600000381469727,3.9600000381469727,5000,0.0,0.0
2017-08-28 00:00:00-04:00,4.199999809265137,4.559999942779541,4.199999809265137,4.559999942779541,42,0.0,0.0
2017-08-29 00:00:00-04:00,4.199999809265137,4.199999809265137,3.9600000381469727,4.199999809265137,3708,0.0,0.0
2017-08-30 00:00:00-04:00,4.199999809265137,4.199999809265137,4.199999809265137,4.199999809265137,100,0.0,0.0
2017-08-31 00:00:00-04:00,3.9600000381469727,3.9600000381469727,3.8399999141693115,3.8399999141693115,9625,0.0,0.0
2017-09-01 00:00:00-04:00,3.7200000286102295,3.9600000381469727,3.5999999046325684,3.8399999141693115,5767,0.0,0.0
2017-09-05 00:00:00-04:00,3.4800000190734863,3.8399999141693115,3.359999895095825,3.8399999141693115,7050,0.0,0.0
2017-09-06 00:00:00-04:00,3.5999999046325684,3.8399999141693115,3.5999999046325684,3.8399999141693115,5767,0.0,0.0
2017-09-07 00:00:00-04:00,3.4800000190734863,3.8399999141693115,3.4800000190734863,3.8399999141693115,917,0.0,0.0
2017-09-08 00:00:00-04:00,3.8399999141693115,3.8399999141693115,3.8399999141693115,3.8399999141693115,0,0.0,0.0
2017-09-11 00:00:00-04:00,3.4800000190734863,3.8399999141693115,3.4800000190734863,3.8399999141693115,3250,0.0,0.0
2017-09-12 00:00:00-04:00,3.8399999141693115,4.800000190734863,3.8399999141693115,4.800000190734863,417,0.0,0.0
2017-09-13 00:00:00-04:00,4.800000190734863,4.800000190734863,3.9600000381469727,4.199999809265137,5942,0.0,0.0
2017-09-14 00:00:00-04:00,4.199999809265137,4.199999809265137,4.079999923706055,4.079999923706055,4125,0.0,0.0
2017-09-15 00:00:00-04:00,4.320000171661377,5.519999980926514,4.320000171661377,5.519999980926514,4758,0.0,0.0
2017-09-18 00:00:00-04:00,5.400000095367432,5.400000095367432,4.800000190734863,5.400000095367432,3925,0.0,0.0
2017-09-19 00:00:00-04:00,5.760000228881836,5.760000228881836,5.519999980926514,5.519999980926514,6842,0.0,0.0
2017-09-20 00:00:00-04:00,5.519999980926514,5.519999980926514,5.519999980926514,5.519999980926514,0,0.0,0.0
2017-09-21 00:00:00-04:00,5.519999980926514,5.519999980926514,5.519999980926514,5.519999980926514,0,0.0,0.0
2017-09-22 00:00:00-04:00,5.28000020980835,5.400000095367432,5.28000020980835,5.400000095367432,958,0.0,0.0
2017-09-25 00:00:00-04:00,5.400000095367432,5.400000095367432,4.800000190734863,5.400000095367432,1000,0.0,0.0
2017-09-26 00:00:00-04:00,4.199999809265137,5.400000095367432,4.199999809265137,5.400000095367432,58,0.0,0.0
2017-09-27 00:00:00-04:00,4.920000076293945,4.920000076293945,4.920000076293945,4.920000076293945,42,0.0,0.0
2017-09-28 00:00:00-04:00,5.400000095367432,5.400000095367432,5.400000095367432,5.400000095367432,25,0.0,0.0
2017-09-29 00:00:00-04:00,5.400000095367432,5.400000095367432,5.400000095367432,5.400000095367432,0,0.0,0.0
2017-10-02 00:00:00-04:00,4.440000057220459,5.400000095367432,4.440000057220459,5.400000095367432,175,0.0,0.0
2017-10-03 00:00:00-04:00,5.400000095367432,5.400000095367432,5.400000095367432,5.400000095367432,0,0.0,0.0
2017-10-04 00:00:00-04:00,5.400000095367432,5.400000095367432,5.400000095367432,5.400000095367432,0,0.0,0.0
2017-10-05 00:00:00-04:00,5.400000095367432,5.400000095367432,5.400000095367432,5.400000095367432,0,0.0,0.0
2017-10-06 00:00:00-04:00,5.400000095367432,5.400000095367432,5.400000095367432,5.400000095367432,0,0.0,0.0
2017-10-09 00:00:00-04:00,5.400000095367432,5.400000095367432,5.400000095367432,5.400000095367432,0,0.0,0.0
2017-10-10 00:00:00-04:00,4.440000057220459,5.400000095367432,4.199999809265137,5.400000095367432,858,0.0,0.0
2017-10-11 00:00:00-04:00,4.920000076293945,4.920000076293945,4.920000076293945,4.920000076293945,8,0.0,0.0
2017-10-12 00:00:00-04:00,4.320000171661377,4.800000190734863,4.199999809265137,4.679999828338623,3000,0.0,0.0
2017-10-13 00:00:00-04:00,5.28000020980835,5.760000228881836,4.800000190734863,4.800000190734863,5367,0.0,0.0
2017-10-16 00:00:00-04:00,4.079999923706055,4.800000190734863,3.8399999141693115,4.800000190734863,3150,0.0,0.0
2017-10-17 00:00:00-04:00,3.8399999141693115,5.039999961853027,3.8399999141693115,5.039999961853027,5550,0.0,0.0
2017-10-18 00:00:00-04:00,4.199999809265137,4.800000190734863,3.8399999141693115,4.800000190734863,1683,0.0,0.0
2017-10-19 00:00:00-04:00,4.800000190734863,4.800000190734863,4.199999809265137,4.440000057220459,11275,0.0,0.0
2017-10-20 00:00:00-04:00,4.800000190734863,4.800000190734863,4.440000057220459,4.440000057220459,875,0.0,0.0
2017-10-23 00:00:00-04:00,4.199999809265137,4.800000190734863,4.199999809265137,4.559999942779541,2433,0.0,0.0
2017-10-24 00:00:00-04:00,4.199999809265137,5.039999961853027,4.199999809265137,4.800000190734863,1575,0.0,0.0
2017-10-25 00:00:00-04:00,3.9600000381469727,4.199999809265137,3.8399999141693115,4.199999809265137,4808,0.0,0.0
2017-10-26 00:00:00-04:00,4.199999809265137,4.199999809265137,4.199999809265137,4.199999809265137,208,0.0,0.0
2017-10-27 00:00:00-04:00,4.800000190734863,5.28000020980835,4.199999809265137,4.199999809265137,1508,0.0,0.0
2017-10-30 00:00:00-04:00,5.28000020980835,5.28000020980835,5.28000020980835,5.28000020980835,25,0.0,0.0
2017-10-31 00:00:00-04:00,3.5999999046325684,5.760000228881836,3.5999999046325684,4.800000190734863,17667,0.0,0.0
2017-11-01 00:00:00-04:00,5.28000020980835,5.28000020980835,5.28000020980835,5.28000020980835,25,0.0,0.0
2017-11-02 00:00:00-04:00,7.800000190734863,7.800000190734863,4.800000190734863,5.039999961853027,9933,0.0,0.0
2017-11-03 00:00:00-04:00,4.800000190734863,4.800000190734863,3.8399999141693115,4.559999942779541,5767,0.0,0.0
2017-11-06 00:00:00-05:00,4.559999942779541,4.800000190734863,3.9600000381469727,4.199999809265137,8833,0.0,0.0
2017-11-07 00:00:00-05:00,5.039999961853027,5.760000228881836,4.679999828338623,4.800000190734863,4633,0.0,0.0
2017-11-08 00:00:00-05:00,4.199999809265137,4.800000190734863,4.199999809265137,4.199999809265137,2333,0.0,0.0
2017-11-09 00:00:00-05:00,4.199999809265137,4.199999809265137,4.199999809265137,4.199999809265137,167,0.0,0.0
2017-11-10 00:00:00-05:00,4.199999809265137,4.199999809265137,3.9600000381469727,4.199999809265137,1108,0.0,0.0
2017-11-13 00:00:00-05:00,4.199999809265137,5.400000095367432,3.359999895095825,3.359999895095825,9458,0.0,0.0
2017-11-14 00:00:00-05:00,3.5999999046325684,4.440000057220459,3.0,3.5999999046325684,19792,0.0,0.0
2017-11-15 00:00:00-05:00,3.240000009536743,3.4800000190734863,2.759999990463257,3.0,13508,0.0,0.0
2017-11-16 00:00:00-05:00,3.0,3.0,3.0,3.0,0,0.0,0.08333333333333333
2017-11-17 00:00:00-05:00,4.0,4.5,4.0,4.380000114440918,2700,0.0,0.0
2017-11-20 00:00:00-05:00,4.5,5.449999809265137,4.440000057220459,5.449999809265137,9500,0.0,0.0
2017-11-21 00:00:00-05:00,5.199999809265137,5.199999809265137,4.0,4.400000095367432,13900,0.0,0.0
2017-11-22 00:00:00-05:00,4.400000095367432,4.5,4.400000095367432,4.449999809265137,2800,0.0,0.0
2017-11-24 00:00:00-05:00,4.5,4.5,4.5,4.5,2200,0.0,0.0
2017-11-27 00:00:00-05:00,4.5,4.900000095367432,4.349999904632568,4.650000095367432,12900,0.0,0.0
2017-11-28 00:00:00-05:00,4.5,4.599999904632568,4.5,4.599999904632568,3000,0.0,0.0
2017-11-29 00:00:00-05:00,5.0,5.0,4.5,4.5,4200,0.0,0.0
2017-11-30 00:00:00-05:00,4.550000190734863,4.550000190734863,4.5,4.5,5200,0.0,0.0
2017-12-01 00:00:00-05:00,4.25,4.380000114440918,4.0,4.380000114440918,3500,0.0,0.0
2017-12-04 00:00:00-05:00,4.25,5.0,4.010000228881836,4.75,9400,0.0,0.0
2017-12-05 00:00:00-05:00,4.599999904632568,4.599999904632568,4.5,4.5,10500,0.0,0.0
2017-12-06 00:00:00-05:00,4.420000076293945,4.420000076293945,4.420000076293945,4.420000076293945,300,0.0,0.0
2017-12-07 00:00:00-05:00,4.5,4.550000190734863,4.5,4.550000190734863,1100,0.0,0.0
2017-12-08 00:00:00-05:00,4.53000020980835,4.53000020980835,4.53000020980835,4.53000020980835,300,0.0,0.0
2017-12-11 00:00:00-05:00,4.75,4.75,4.420000076293945,4.5,18300,0.0,0.0
2017-12-12 00:00:00-05:00,4.5,5.949999809265137,4.460000038146973,4.460000038146973,5500,0.0,0.0
2017-12-13 00:00:00-05:00,4.300000190734863,4.300000190734863,4.300000190734863,4.300000190734863,1100,0.0,0.0
2017-12-14 00:00:00-05:00,4.5,5.199999809265137,4.079999923706055,4.300000190734863,25000,0.0,0.0
2017-12-15 00:00:00-05:00,5.0,5.199999809265137,4.5,4.5,9900,0.0,0.0
2017-12-18 00:00:00-05:00,5.400000095367432,5.730000019073486,4.619999885559082,5.730000019073486,40300,0.0,0.0
2017-12-19 00:00:00-05:00,5.989999771118164,5.989999771118164,5.139999866485596,5.369999885559082,23700,0.0,0.0
2017-12-20 00:00:00-05:00,5.760000228881836,6.619999885559082,5.409999847412109,6.619999885559082,155100,0.0,0.0
2017-12-21 00:00:00-05:00,7.510000228881836,9.869999885559082,6.010000228881836,7.130000114440918,165700,0.0,0.0
2017-12-22 00:00:00-05:00,8.34000015258789,8.350000381469727,6.099999904632568,6.550000190734863,62900,0.0,0.0
2017-12-26 00:00:00-05:00,6.599999904632568,8.289999961853027,6.460000038146973,6.5,14200,0.0,0.0
2017-12-27 00:00:00-05:00,6.5,6.900000095367432,5.760000228881836,6.5,48900,0.0,0.0
2017-12-28 00:00:00-05:00,6.5,6.989999771118164,5.760000228881836,5.989999771118164,20300,0.0,0.0
2017-12-29 00:00:00-05:00,5.760000228881836,6.989999771118164,5.050000190734863,5.760000228881836,34400,0.0,0.0
2018-01-02 00:00:00-05:00,5.760000228881836,6.300000190734863,5.150000095367432,5.260000228881836,20500,0.0,0.0
2018-01-03 00:00:00-05:00,5.28000020980835,5.5,4.110000133514404,5.0,85800,0.0,0.0
2018-01-04 00:00:00-05:00,5.25,6.25,5.050000190734863,6.050000190734863,91200,0.0,0.0
2018-01-05 00:00:00-05:00,6.119999885559082,8.25,5.96999979019165,7.380000114440918,151800,0.0,0.0
2018-01-08 00:00:00-05:00,8.0,8.289999961853027,7.25,7.849999904632568,72100,0.0,0.0
2018-01-09 00:00:00-05:00,8.100000381469727,8.100000381469727,7.5,7.5,33800,0.0,0.0
2018-01-10 00:00:00-05:00,7.300000190734863,7.300000190734863,6.5,7.25,44100,0.0,0.0
2018-01-11 00:00:00-05:00,7.010000228881836,7.010000228881836,6.510000228881836,6.989999771118164,24800,0.0,0.0
2018-01-12 00:00:00-05:00,7.0,7.0,6.210000038146973,6.789999961853027,28600,0.0,0.0
2018-01-16 00:00:00-05:00,6.800000190734863,6.800000190734863,6.199999809265137,6.400000095367432,16800,0.0,0.0
2018-01-17 00:00:00-05:00,6.869999885559082,7.199999809265137,6.389999866485596,6.800000190734863,42300,0.0,0.0
2018-01-18 00:00:00-05:00,6.800000190734863,7.090000152587891,6.769999980926514,6.960000038146973,23900,0.0,0.0
2018-01-19 00:00:00-05:00,6.949999809265137,8.199999809265137,6.849999904632568,8.0600004196167,85500,0.0,0.0
2018-01-22 00:00:00-05:00,8.239999771118164,10.75,8.149999618530273,10.149999618530273,153000,0.0,0.0
2018-01-23 00:00:00-05:00,9.989999771118164,10.0,9.199999809265137,10.0,67500,0.0,0.0
2018-01-24 00:00:00-05:00,10.5,10.5,9.25,9.890000343322754,31600,0.0,0.0
2018-01-25 00:00:00-05:00,9.399999618530273,9.75,9.25,9.449999809265137,7100,0.0,0.0
2018-01-26 00:00:00-05:00,9.3100004196167,9.899999618530273,9.3100004196167,9.550000190734863,14700,0.0,0.0
2018-01-29 00:00:00-05:00,9.859999656677246,10.079999923706055,9.600000381469727,9.649999618530273,32700,0.0,0.0
2018-01-30 00:00:00-05:00,10.130000114440918,10.130000114440918,9.399999618530273,9.489999771118164,17300,0.0,0.0
2018-01-31 00:00:00-05:00,9.25,9.25,8.40999984741211,8.680000305175781,97600,0.0,0.0
2018-02-01 00:00:00-05:00,8.399999618530273,8.989999771118164,8.220000267028809,8.930000305175781,69600,0.0,0.0
2018-02-02 00:00:00-05:00,8.920000076293945,8.920000076293945,7.849999904632568,8.279999732971191,10700,0.0,0.0
2018-02-05 00:00:00-05:00,8.260000228881836,9.0,7.849999904632568,9.0,32100,0.0,0.0
2018-02-06 00:00:00-05:00,8.300000190734863,9.0,8.300000190734863,8.989999771118164,46500,0.0,0.0
2018-02-07 00:00:00-05:00,8.899999618530273,8.989999771118164,8.5,8.5,15500,0.0,0.0
2018-02-08 00:00:00-05:00,8.5,8.5,7.849999904632568,8.199999809265137,30000,0.0,0.0
2018-02-09 00:00:00-05:00,8.199999809265137,8.199999809265137,7.510000228881836,7.550000190734863,21100,0.0,0.0
2018-02-12 00:00:00-05:00,8.989999771118164,8.989999771118164,7.75,8.5,11100,0.0,0.0
2018-02-13 00:00:00-05:00,8.289999961853027,8.5,7.929999828338623,8.5,8600,0.0,0.0
2018-02-14 00:00:00-05:00,8.5,8.890000343322754,8.180000305175781,8.699999809265137,8600,0.0,0.0
2018-02-15 00:00:00-05:00,8.699999809265137,8.800000190734863,8.210000038146973,8.25,8500,0.0,0.0
2018-02-16 00:00:00-05:00,8.25,8.25,7.519999980926514,7.610000133514404,7800,0.0,0.0
2018-02-20 00:00:00-05:00,8.1899995803833,8.489999771118164,8.0,8.25,12700,0.0,0.0
2018-02-21 00:00:00-05:00,8.350000381469727,8.350000381469727,7.610000133514404,7.980000019073486,14300,0.0,0.0
2018-02-22 00:00:00-05:00,7.949999809265137,8.0,7.800000190734863,7.800000190734863,6800,0.0,0.0
2018-02-23 00:00:00-05:00,7.949999809265137,8.5,7.900000095367432,8.100000381469727,19000,0.0,0.0
2018-02-26 00:00:00-05:00,8.880000114440918,8.880000114440918,7.800000190734863,8.100000381469727,14900,0.0,0.0
2018-02-27 00:00:00-05:00,7.900000095367432,8.199999809265137,7.900000095367432,8.09000015258789,6100,0.0,0.0
2018-02-28 00:00:00-05:00,8.050000190734863,8.050000190734863,7.900000095367432,7.900000095367432,6500,0.0,0.0
2018-03-01 00:00:00-05:00,8.0,8.600000381469727,8.0,8.0,12800,0.0,0.0
2018-03-02 00:00:00-05:00,8.550000190734863,8.550000190734863,7.610000133514404,8.100000381469727,4600,0.0,0.0
2018-03-05 00:00:00-05:00,8.5,8.539999961853027,8.149999618530273,8.5,20400,0.0,0.0
2018-03-06 00:00:00-05:00,8.520000457763672,8.520000457763672,8.199999809265137,8.399999618530273,11200,0.0,0.0
2018-03-07 00:00:00-05:00,8.229999542236328,8.600000381469727,7.769999980926514,8.600000381469727,5200,0.0,0.0
2018-03-08 00:00:00-05:00,8.399999618530273,8.760000228881836,7.800000190734863,8.760000228881836,11400,0.0,0.0
2018-03-09 00:00:00-05:00,8.760000228881836,9.800000190734863,8.600000381469727,8.989999771118164,36000,0.0,0.0
2018-03-12 00:00:00-04:00,9.5,9.789999961853027,9.010000228881836,9.25,40200,0.0,0.0
2018-03-13 00:00:00-04:00,9.449999809265137,12.890000343322754,9.449999809265137,11.180000305175781,263000,0.0,0.0
2018-03-14 00:00:00-04:00,11.399999618530273,13.949999809265137,11.369999885559082,13.850000381469727,332400,0.0,0.0
2018-03-15 00:00:00-04:00,14.0,16.799999237060547,13.899999618530273,14.680000305175781,444000,0.0,0.0
2018-03-16 00:00:00-04:00,14.680000305175781,14.680000305175781,13.300000190734863,13.399999618530273,173300,0.0,0.0
2018-03-19 00:00:00-04:00,13.199999809265137,13.399999618530273,10.729999542236328,11.899999618530273,165000,0.0,0.0
2018-03-20 00:00:00-04:00,11.399999618530273,12.0,10.899999618530273,10.899999618530273,85700,0.0,0.0
2018-03-21 00:00:00-04:00,11.039999961853027,12.479999542236328,11.0,11.800000190734863,73500,0.0,0.0
2018-03-22 00:00:00-04:00,11.600000381469727,12.40999984741211,11.569999694824219,11.850000381469727,50300,0.0,0.0
2018-03-23 00:00:00-04:00,11.84000015258789,12.140000343322754,11.5,11.5,33400,0.0,0.0
2018-03-26 00:00:00-04:00,11.84000015258789,12.0,11.0,11.010000228881836,34500,0.0,0.0
2018-03-27 00:00:00-04:00,11.239999771118164,11.800000190734863,11.050000190734863,11.109999656677246,37700,0.0,0.0
2018-03-28 00:00:00-04:00,11.109999656677246,11.199999809265137,10.210000038146973,10.3100004196167,36400,0.0,0.0
2018-03-29 00:00:00-04:00,10.380000114440918,10.430000305175781,10.25,10.319999694824219,11400,0.0,0.0
2018-04-02 00:00:00-04:00,9.760000228881836,10.319999694824219,9.5,9.979999542236328,29600,0.0,0.0
2018-04-03 00:00:00-04:00,10.029999732971191,11.5,9.65999984741211,10.3100004196167,32100,0.0,0.0
2018-04-04 00:00:00-04:00,10.1899995803833,11.0,9.850000381469727,10.25,25900,0.0,0.0
2018-04-05 00:00:00-04:00,10.9399995803833,10.989999771118164,10.050000190734863,10.670000076293945,14400,0.0,0.0
2018-04-06 00:00:00-04:00,10.949999809265137,10.949999809265137,9.600000381469727,10.140000343322754,21500,0.0,0.0
2018-04-09 00:00:00-04:00,10.529999732971191,10.75,10.0,10.720000267028809,13100,0.0,0.0
2018-04-10 00:00:00-04:00,10.880000114440918,10.880000114440918,10.229999542236328,10.699999809265137,13500,0.0,0.0
2018-04-11 00:00:00-04:00,10.6899995803833,10.949999809265137,10.300000190734863,10.600000381469727,7000,0.0,0.0
2018-04-12 00:00:00-04:00,10.600000381469727,10.600000381469727,10.020000457763672,10.600000381469727,14600,0.0,0.0
2018-04-13 00:00:00-04:00,10.59000015258789,10.59000015258789,9.90999984741211,10.220000267028809,12300,0.0,0.0
2018-04-16 00:00:00-04:00,10.260000228881836,10.300000190734863,9.630000114440918,10.100000381469727,15900,0.0,0.0
2018-04-17 00:00:00-04:00,10.0,10.600000381469727,9.729999542236328,10.449999809265137,56700,0.0,0.0
2018-04-18 00:00:00-04:00,10.25,10.25,10.039999961853027,10.170000076293945,16700,0.0,0.0
2018-04-19 00:00:00-04:00,10.149999618530273,11.069999694824219,10.149999618530273,10.65999984741211,151900,0.0,0.0
2018-04-20 00:00:00-04:00,10.5,10.5,9.899999618530273,10.369999885559082,21000,0.0,0.0
2018-04-23 00:00:00-04:00,10.479999542236328,10.479999542236328,9.979999542236328,10.199999809265137,6500,0.0,0.0
2018-04-24 00:00:00-04:00,10.350000381469727,10.350000381469727,9.329999923706055,9.789999961853027,59900,0.0,0.0
2018-04-25 00:00:00-04:00,9.899999618530273,9.9399995803833,9.600000381469727,9.899999618530273,22800,0.0,0.0
2018-04-26 00:00:00-04:00,9.729999542236328,10.489999771118164,9.600000381469727,9.600000381469727,26500,0.0,0.0
2018-04-27 00:00:00-04:00,9.720000267028809,10.199999809265137,9.600000381469727,10.1899995803833,19700,0.0,0.0
2018-04-30 00:00:00-04:00,10.199999809265137,10.319999694824219,9.550000190734863,9.880000114440918,46700,0.0,0.0
2018-05-01 00:00:00-04:00,9.899999618530273,10.210000038146973,9.619999885559082,9.75,32400,0.0,0.0
2018-05-02 00:00:00-04:00,9.960000038146973,10.039999961853027,8.220000267028809,9.229999542236328,158700,0.0,0.0
2018-05-03 00:00:00-04:00,8.65999984741211,9.0,8.510000228881836,8.899999618530273,21600,0.0,0.0
2018-05-04 00:00:00-04:00,8.800000190734863,9.0,8.350000381469727,8.760000228881836,33400,0.0,0.0
2018-05-07 00:00:00-04:00,8.90999984741211,9.199999809265137,8.550000190734863,8.90999984741211,21900,0.0,0.0
2018-05-08 00:00:00-04:00,9.130000114440918,9.25,8.350000381469727,8.5600004196167,38400,0.0,0.0
2018-05-09 00:00:00-04:00,8.5600004196167,8.600000381469727,8.430000305175781,8.600000381469727,11700,0.0,0.0
2018-05-10 00:00:00-04:00,8.550000190734863,8.75,8.449999809265137,8.5,20200,0.0,0.0
2018-05-11 00:00:00-04:00,8.449999809265137,8.680000305175781,8.449999809265137,8.65999984741211,4300,0.0,0.0
2018-05-14 00:00:00-04:00,8.699999809265137,8.699999809265137,8.430000305175781,8.430000305175781,15900,0.0,0.0
2018-05-15 00:00:00-04:00,8.319999694824219,8.699999809265137,8.319999694824219,8.699999809265137,12700,0.0,0.0
2018-05-16 00:00:00-04:00,8.699999809265137,8.75,8.460000038146973,8.479999542236328,10100,0.0,0.0
2018-05-17 00:00:00-04:00,8.5,8.550000190734863,8.430000305175781,8.5,7100,0.0,0.0
2018-05-18 00:00:00-04:00,8.5,8.609999656677246,8.34000015258789,8.5,6600,0.0,0.0
2018-05-21 00:00:00-04:00,8.65999984741211,8.720000267028809,8.550000190734863,8.550000190734863,4900,0.0,0.0
2018-05-22 00:00:00-04:00,8.5,8.680000305175781,8.5,8.550000190734863,10800,0.0,0.0
2018-05-23 00:00:00-04:00,8.479999542236328,8.800000190734863,8.479999542236328,8.789999961853027,4600,0.0,0.0
2018-05-24 00:00:00-04:00,8.800000190734863,8.800000190734863,8.449999809265137,8.6899995803833,13900,0.0,0.0
2018-05-25 00:00:00-04:00,8.579999923706055,8.65999984741211,8.510000228881836,8.579999923706055,4600,0.0,0.0
2018-05-29 00:00:00-04:00,8.449999809265137,8.789999961853027,8.449999809265137,8.6899995803833,38500,0.0,0.0
2018-05-30 00:00:00-04:00,8.609999656677246,8.619999885559082,8.5,8.609999656677246,7900,0.0,0.0
2018-05-31 00:00:00-04:00,8.529999732971191,8.970000267028809,8.5,8.619999885559082,25100,0.0,0.0
2018-06-01 00:00:00-04:00,8.619999885559082,8.760000228881836,8.5,8.680000305175781,24200,0.0,0.0
2018-06-04 00:00:00-04:00,8.869999885559082,9.0,8.800000190734863,8.890000343322754,26200,0.0,0.0
2018-06-05 00:00:00-04:00,8.979999542236328,9.0,8.800000190734863,8.850000381469727,23500,0.0,0.0
2018-06-06 00:00:00-04:00,8.949999809265137,8.949999809265137,8.680000305175781,8.75,13400,0.0,0.0
2018-06-07 00:00:00-04:00,8.699999809265137,8.800000190734863,8.569999694824219,8.800000190734863,9400,0.0,0.0
2018-06-08 00:00:00-04:00,8.75,8.850000381469727,8.75,8.819999694824219,11300,0.0,0.0
2018-06-11 00:00:00-04:00,8.850000381469727,9.5,8.8100004196167,9.300000190734863,68600,0.0,0.0
2018-06-12 00:00:00-04:00,9.34000015258789,9.5,9.25,9.449999809265137,43500,0.0,0.0
2018-06-13 00:00:00-04:00,9.5,9.5,8.770000457763672,9.300000190734863,36200,0.0,0.0
2018-06-14 00:00:00-04:00,9.149999618530273,9.3100004196167,9.0600004196167,9.220000267028809,39400,0.0,0.0
2018-06-15 00:00:00-04:00,8.760000228881836,9.09000015258789,8.75,8.850000381469727,193500,0.0,0.0
2018-06-18 00:00:00-04:00,8.899999618530273,8.949999809265137,8.760000228881836,8.90999984741211,11800,0.0,0.0
2018-06-19 00:00:00-04:00,8.899999618530273,8.979999542236328,8.75,8.75,10000,0.0,0.0
2018-06-20 00:00:00-04:00,8.989999771118164,9.279999732971191,8.760000228881836,9.220000267028809,18400,0.0,0.0
2018-06-21 00:00:00-04:00,9.170000076293945,9.170000076293945,9.010000228881836,9.109999656677246,9500,0.0,0.0
2018-06-22 00:00:00-04:00,8.949999809265137,9.149999618530273,8.779999732971191,9.109999656677246,35800,0.0,0.0
2018-06-25 00:00:00-04:00,9.010000228881836,9.100000381469727,8.819999694824219,8.829999923706055,9000,0.0,0.0
2018-06-26 00:00:00-04:00,8.829999923706055,8.829999923706055,8.670000076293945,8.8100004196167,13100,0.0,0.0
2018-06-27 00:00:00-04:00,8.770000457763672,8.989999771118164,8.5,8.729999542236328,42700,0.0,0.0
2018-06-28 00:00:00-04:00,8.75,8.75,8.210000038146973,8.359999656677246,14800,0.0,0.0
2018-06-29 00:00:00-04:00,8.399999618530273,8.75,8.100000381469727,8.649999618530273,46100,0.0,0.0
2018-07-02 00:00:00-04:00,8.739999771118164,8.75,8.380000114440918,8.65999984741211,15000,0.0,0.0
2018-07-03 00:00:00-04:00,8.579999923706055,8.579999923706055,8.220000267028809,8.369999885559082,11000,0.0,0.0
2018-07-05 00:00:00-04:00,8.199999809265137,8.489999771118164,8.199999809265137,8.289999961853027,13300,0.0,0.0
2018-07-06 00:00:00-04:00,8.5,8.510000228881836,8.199999809265137,8.34000015258789,44100,0.0,0.0
2018-07-09 00:00:00-04:00,8.489999771118164,8.489999771118164,8.100000381469727,8.289999961853027,15800,0.0,0.0
2018-07-10 00:00:00-04:00,8.279999732971191,8.510000228881836,8.079999923706055,8.510000228881836,34700,0.0,0.0
2018-07-11 00:00:00-04:00,8.479999542236328,8.59000015258789,8.119999885559082,8.229999542236328,10600,0.0,0.0
2018-07-12 00:00:00-04:00,8.270000457763672,8.369999885559082,8.0,8.369999885559082,37000,0.0,0.0
2018-07-13 00:00:00-04:00,8.229999542236328,8.350000381469727,8.140000343322754,8.350000381469727,4100,0.0,0.0
2018-07-16 00:00:00-04:00,8.399999618530273,8.399999618530273,8.09000015258789,8.220000267028809,6200,0.0,0.0
2018-07-17 00:00:00-04:00,8.180000305175781,8.699999809265137,8.0,8.079999923706055,70200,0.0,0.0
2018-07-18 00:00:00-04:00,8.0,8.1899995803833,7.769999980926514,7.769999980926514,13000,0.0,0.0
2018-07-19 00:00:00-04:00,7.769999980926514,7.989999771118164,7.650000095367432,7.960000038146973,15200,0.0,0.0
2018-07-20 00:00:00-04:00,8.1899995803833,8.1899995803833,7.800000190734863,7.949999809265137,16300,0.0,0.0
2018-07-23 00:00:00-04:00,7.809999942779541,7.840000152587891,7.670000076293945,7.800000190734863,6000,0.0,0.0
2018-07-24 00:00:00-04:00,7.71999979019165,7.800000190734863,7.650000095367432,7.800000190734863,14200,0.0,0.0
2018-07-25 00:00:00-04:00,7.670000076293945,7.800000190734863,7.539999961853027,7.539999961853027,25300,0.0,0.0
2018-07-26 00:00:00-04:00,7.5,7.5,7.0,7.050000190734863,49000,0.0,0.0
2018-07-27 00:00:00-04:00,7.050000190734863,7.150000095367432,6.0,6.170000076293945,100100,0.0,0.0
2018-07-30 00:00:00-04:00,6.5,7.0,6.409999847412109,6.599999904632568,49800,0.0,0.0
2018-07-31 00:00:00-04:00,6.630000114440918,6.889999866485596,6.53000020980835,6.550000190734863,23300,0.0,0.0
2018-08-01 00:00:00-04:00,6.550000190734863,6.880000114440918,6.5,6.590000152587891,35700,0.0,0.0
2018-08-02 00:00:00-04:00,6.599999904632568,6.889999866485596,6.519999980926514,6.840000152587891,35400,0.0,0.0
2018-08-03 00:00:00-04:00,6.889999866485596,6.889999866485596,6.260000228881836,6.289999961853027,51700,0.0,0.0
2018-08-06 00:00:00-04:00,6.400000095367432,7.0,6.400000095367432,6.550000190734863,30900,0.0,0.0
2018-08-07 00:00:00-04:00,6.78000020980835,7.360000133514404,6.75,6.980000019073486,52000,0.0,0.0
2018-08-08 00:00:00-04:00,7.0,7.0,6.550000190734863,6.760000228881836,26900,0.0,0.0
2018-08-09 00:00:00-04:00,6.96999979019165,6.989999771118164,6.889999866485596,6.96999979019165,18300,0.0,0.0
2018-08-10 00:00:00-04:00,6.860000133514404,7.050000190734863,6.690000057220459,6.909999847412109,30900,0.0,0.0
2018-08-13 00:00:00-04:00,6.900000095367432,6.960000038146973,6.619999885559082,6.920000076293945,3900,0.0,0.0
2018-08-14 00:00:00-04:00,6.989999771118164,6.989999771118164,6.690000057220459,6.849999904632568,48200,0.0,0.0
2018-08-15 00:00:00-04:00,6.670000076293945,6.920000076293945,6.630000114440918,6.909999847412109,14200,0.0,0.0
2018-08-16 00:00:00-04:00,6.96999979019165,7.119999885559082,6.71999979019165,6.860000133514404,32800,0.0,0.0
2018-08-17 00:00:00-04:00,6.900000095367432,6.900000095367432,6.769999980926514,6.820000171661377,17300,0.0,0.0
2018-08-20 00:00:00-04:00,6.900000095367432,6.900000095367432,6.820000171661377,6.900000095367432,13600,0.0,0.0
2018-08-21 00:00:00-04:00,6.820000171661377,6.989999771118164,6.820000171661377,6.860000133514404,24800,0.0,0.0
2018-08-22 00:00:00-04:00,6.829999923706055,6.960000038146973,6.829999923706055,6.880000114440918,7300,0.0,0.0
2018-08-23 00:00:00-04:00,7.0,7.519999980926514,6.820000171661377,6.929999828338623,15300,0.0,0.0
2018-08-24 00:00:00-04:00,7.130000114440918,7.130000114440918,6.820000171661377,6.829999923706055,7700,0.0,0.0
2018-08-27 00:00:00-04:00,6.75,6.75,6.449999809265137,6.639999866485596,14500,0.0,0.0
2018-08-28 00:00:00-04:00,6.539999961853027,6.619999885559082,6.260000228881836,6.400000095367432,9200,0.0,0.0
2018-08-29 00:00:00-04:00,6.25,6.360000133514404,5.670000076293945,6.309999942779541,127700,0.0,0.0
2018-08-30 00:00:00-04:00,5.960000038146973,6.489999771118164,5.860000133514404,6.46999979019165,92700,0.0,0.0
2018-08-31 00:00:00-04:00,6.5,6.570000171661377,6.340000152587891,6.340000152587891,6400,0.0,0.0
2018-09-04 00:00:00-04:00,6.320000171661377,6.340000152587891,6.0,6.239999771118164,8500,0.0,0.0
2018-09-05 00:00:00-04:00,6.239999771118164,6.239999771118164,5.940000057220459,6.130000114440918,6900,0.0,0.0
2018-09-06 00:00:00-04:00,5.889999866485596,6.099999904632568,5.869999885559082,6.099999904632568,14500,0.0,0.0
2018-09-07 00:00:00-04:00,6.0,6.0,5.699999809265137,5.75,19100,0.0,0.0
2018-09-10 00:00:00-04:00,5.659999847412109,5.75,5.289999961853027,5.5,109400,0.0,0.0
2018-09-11 00:00:00-04:00,5.460000038146973,5.489999771118164,5.25,5.300000190734863,74100,0.0,0.0
2018-09-12 00:00:00-04:00,5.25,5.880000114440918,5.059999942779541,5.300000190734863,138100,0.0,0.0
2018-09-13 00:00:00-04:00,5.300000190734863,5.440000057220459,5.179999828338623,5.300000190734863,90200,0.0,0.0
2018-09-14 00:00:00-04:00,5.460000038146973,5.659999847412109,5.380000114440918,5.579999923706055,38200,0.0,0.0
2018-09-17 00:00:00-04:00,5.5,5.659999847412109,5.460000038146973,5.599999904632568,29800,0.0,0.0
2018-09-18 00:00:00-04:00,5.619999885559082,5.679999828338623,5.400000095367432,5.599999904632568,21200,0.0,0.0
2018-09-19 00:00:00-04:00,5.599999904632568,5.639999866485596,5.340000152587891,5.349999904632568,37300,0.0,0.0
2018-09-20 00:00:00-04:00,5.360000133514404,5.650000095367432,5.360000133514404,5.440000057220459,45400,0.0,0.0
2018-09-21 00:00:00-04:00,5.409999847412109,5.570000171661377,5.300000190734863,5.489999771118164,62000,0.0,0.0
2018-09-24 00:00:00-04:00,5.5,5.599999904632568,5.349999904632568,5.489999771118164,29700,0.0,0.0
2018-09-25 00:00:00-04:00,5.25,5.800000190734863,5.25,5.619999885559082,71500,0.0,0.0
2018-09-26 00:00:00-04:00,5.610000133514404,5.610000133514404,5.300000190734863,5.590000152587891,20000,0.0,0.0
2018-09-27 00:00:00-04:00,5.579999923706055,5.809999942779541,5.510000228881836,5.599999904632568,55500,0.0,0.0
2018-09-28 00:00:00-04:00,5.429999828338623,5.599999904632568,5.420000076293945,5.539999961853027,15300,0.0,0.0
2018-10-01 00:00:00-04:00,5.5,5.699999809265137,5.349999904632568,5.349999904632568,25000,0.0,0.0
2018-10-02 00:00:00-04:00,5.449999809265137,6.5,5.320000171661377,6.449999809265137,163400,0.0,0.0
2018-10-03 00:00:00-04:00,7.0,9.25,6.800000190734863,7.170000076293945,1137400,0.0,0.0
2018-10-04 00:00:00-04:00,7.5,7.869999885559082,7.0,7.460000038146973,488300,0.0,0.0
2018-10-05 00:00:00-04:00,7.460000038146973,7.5,7.0,7.190000057220459,101600,0.0,0.0
2018-10-08 00:00:00-04:00,6.849999904632568,7.179999828338623,6.53000020980835,6.619999885559082,165400,0.0,0.0
2018-10-09 00:00:00-04:00,6.650000095367432,6.920000076293945,6.550000190734863,6.78000020980835,42900,0.0,0.0
2018-10-10 00:00:00-04:00,6.849999904632568,6.849999904632568,6.190000057220459,6.480000019073486,73700,0.0,0.0
2018-10-11 00:00:00-04:00,6.440000057220459,6.460000038146973,6.059999942779541,6.130000114440918,38300,0.0,0.0
2018-10-12 00:00:00-04:00,6.239999771118164,6.360000133514404,6.099999904632568,6.349999904632568,92500,0.0,0.0
2018-10-15 00:00:00-04:00,6.75,7.369999885559082,6.0,6.059999942779541,408400,0.0,0.0
2018-10-16 00:00:00-04:00,6.110000133514404,6.409999847412109,5.849999904632568,6.099999904632568,87200,0.0,0.0
2018-10-17 00:00:00-04:00,6.110000133514404,6.199999809265137,5.96999979019165,6.110000133514404,60700,0.0,0.0
2018-10-18 00:00:00-04:00,6.099999904632568,6.519999980926514,6.019999980926514,6.179999828338623,78100,0.0,0.0
2018-10-19 00:00:00-04:00,6.170000076293945,6.389999866485596,6.050000190734863,6.21999979019165,13100,0.0,0.0
2018-10-22 00:00:00-04:00,6.199999809265137,6.389999866485596,5.630000114440918,5.989999771118164,54300,0.0,0.0
2018-10-23 00:00:00-04:00,5.889999866485596,5.889999866485596,5.550000190734863,5.789999961853027,55900,0.0,0.0
2018-10-24 00:00:00-04:00,5.760000228881836,5.929999828338623,5.550000190734863,5.869999885559082,31500,0.0,0.0
2018-10-25 00:00:00-04:00,5.809999942779541,6.449999809265137,5.690000057220459,6.300000190734863,148900,0.0,0.0
2018-10-26 00:00:00-04:00,6.050000190734863,6.179999828338623,5.659999847412109,5.949999809265137,57100,0.0,0.0
2018-10-29 00:00:00-04:00,5.960000038146973,6.059999942779541,5.800000190734863,5.860000133514404,24600,0.0,0.0
2018-10-30 00:00:00-04:00,6.03000020980835,6.03000020980835,5.440000057220459,5.579999923706055,103500,0.0,0.0
2018-10-31 00:00:00-04:00,5.619999885559082,6.179999828338623,5.579999923706055,5.889999866485596,70900,0.0,0.0
2018-11-01 00:00:00-04:00,5.900000095367432,6.369999885559082,5.650000095367432,6.369999885559082,40300,0.0,0.0
2018-11-02 00:00:00-04:00,6.309999942779541,6.449999809265137,6.0,6.449999809265137,349000,0.0,0.0
2018-11-05 00:00:00-05:00,6.400000095367432,6.690000057220459,6.28000020980835,6.420000076293945,102900,0.0,0.0
2018-11-06 00:00:00-05:00,6.400000095367432,6.420000076293945,6.139999866485596,6.260000228881836,31000,0.0,0.0
2018-11-07 00:00:00-05:00,6.25,6.429999828338623,5.929999828338623,5.929999828338623,79300,0.0,0.0
2018-11-08 00:00:00-05:00,6.019999980926514,6.039999961853027,5.900000095367432,5.949999809265137,13400,0.0,0.0
2018-11-09 00:00:00-05:00,5.949999809265137,5.96999979019165,5.809999942779541,5.880000114440918,11800,0.0,0.0
2018-11-12 00:00:00-05:00,5.989999771118164,6.050000190734863,5.75,5.880000114440918,7600,0.0,0.0
2018-11-13 00:00:00-05:00,5.78000020980835,6.070000171661377,5.75,5.869999885559082,7600,0.0,0.0
2018-11-14 00:00:00-05:00,5.880000114440918,6.099999904632568,5.75,5.78000020980835,4200,0.0,0.0
2018-11-15 00:00:00-05:00,5.670000076293945,5.860000133514404,5.550000190734863,5.690000057220459,6300,0.0,0.0
2018-11-16 00:00:00-05:00,5.610000133514404,5.889999866485596,5.550000190734863,5.650000095367432,17200,0.0,0.0
2018-11-19 00:00:00-05:00,5.550000190734863,5.639999866485596,5.440000057220459,5.5,13400,0.0,0.0
2018-11-20 00:00:00-05:00,5.53000020980835,5.599999904632568,5.510000228881836,5.550000190734863,16700,0.0,0.0
2018-11-21 00:00:00-05:00,5.53000020980835,5.880000114440918,5.449999809265137,5.559999942779541,78300,0.0,0.0
2018-11-23 00:00:00-05:00,5.449999809265137,5.730000019073486,5.449999809265137,5.53000020980835,9200,0.0,0.0
2018-11-26 00:00:00-05:00,5.650000095367432,6.019999980926514,5.590000152587891,5.869999885559082,25100,0.0,0.0
2018-11-27 00:00:00-05:00,5.460000038146973,5.809999942779541,5.460000038146973,5.75,26800,0.0,0.0
2018-11-28 00:00:00-05:00,5.559999942779541,5.880000114440918,5.53000020980835,5.710000038146973,8800,0.0,0.0
2018-11-29 00:00:00-05:00,5.619999885559082,6.199999809265137,5.619999885559082,6.150000095367432,38000,0.0,0.0
2018-11-30 00:00:00-05:00,6.159999847412109,6.320000171661377,5.650000095367432,6.010000228881836,77800,0.0,0.0
2018-12-03 00:00:00-05:00,6.110000133514404,6.110000133514404,5.730000019073486,5.989999771118164,24900,0.0,0.0
2018-12-04 00:00:00-05:00,6.099999904632568,6.099999904632568,5.730000019073486,5.849999904632568,16800,0.0,0.0
2018-12-06 00:00:00-05:00,5.760000228881836,6.079999923706055,5.630000114440918,5.630000114440918,28500,0.0,0.0
2018-12-07 00:00:00-05:00,5.610000133514404,5.789999961853027,5.53000020980835,5.570000171661377,6700,0.0,0.0
2018-12-10 00:00:00-05:00,5.510000228881836,5.699999809265137,5.320000171661377,5.409999847412109,29300,0.0,0.0
2018-12-11 00:00:00-05:00,5.349999904632568,5.349999904632568,5.110000133514404,5.150000095367432,83600,0.0,0.0
2018-12-12 00:00:00-05:00,5.099999904632568,5.570000171661377,5.099999904632568,5.170000076293945,29800,0.0,0.0
2018-12-13 00:00:00-05:00,5.099999904632568,5.400000095367432,4.760000228881836,4.980000019073486,66800,0.0,0.0
2018-12-14 00:00:00-05:00,4.980000019073486,5.190000057220459,4.75,4.880000114440918,31600,0.0,0.0
2018-12-17 00:00:00-05:00,4.809999942779541,4.989999771118164,4.800000190734863,4.800000190734863,16500,0.0,0.0
2018-12-18 00:00:00-05:00,4.75,5.110000133514404,4.75,4.760000228881836,41700,0.0,0.0
2018-12-19 00:00:00-05:00,4.96999979019165,5.25,4.739999771118164,4.760000228881836,47100,0.0,0.0
2018-12-20 00:00:00-05:00,4.849999904632568,5.340000152587891,4.699999809265137,4.800000190734863,42700,0.0,0.0
2018-12-21 00:00:00-05:00,4.760000228881836,4.800000190734863,4.070000171661377,4.440000057220459,99800,0.0,0.0
2018-12-24 00:00:00-05:00,4.369999885559082,4.369999885559082,3.869999885559082,3.880000114440918,56200,0.0,0.0
2018-12-26 00:00:00-05:00,3.9700000286102295,5.079999923706055,3.9700000286102295,4.389999866485596,92000,0.0,0.0
2018-12-27 00:00:00-05:00,5.0,5.070000171661377,4.300000190734863,4.46999979019165,79500,0.0,0.0
2018-12-28 00:00:00-05:00,4.480000019073486,5.099999904632568,4.480000019073486,4.599999904632568,58400,0.0,0.0
2018-12-31 00:00:00-05:00,4.75,5.050000190734863,4.46999979019165,4.679999828338623,33600,0.0,0.0
2019-01-02 00:00:00-05:00,4.420000076293945,5.099999904632568,4.420000076293945,4.989999771118164,35500,0.0,0.0
2019-01-03 00:00:00-05:00,4.949999809265137,5.010000228881836,4.610000133514404,4.659999847412109,21800,0.0,0.0
2019-01-04 00:00:00-05:00,4.639999866485596,4.949999809265137,4.630000114440918,4.940000057220459,16000,0.0,0.0
2019-01-07 00:00:00-05:00,4.940000057220459,5.079999923706055,4.869999885559082,5.03000020980835,4600,0.0,0.0
2019-01-08 00:00:00-05:00,5.070000171661377,5.079999923706055,4.809999942779541,5.079999923706055,15700,0.0,0.0
2019-01-09 00:00:00-05:00,5.0,5.0,4.840000152587891,4.989999771118164,8600,0.0,0.0
2019-01-10 00:00:00-05:00,4.909999847412109,5.0,4.829999923706055,5.0,2200,0.0,0.0
2019-01-11 00:00:00-05:00,4.929999828338623,5.0,4.849999904632568,4.929999828338623,3000,0.0,0.0
2019-01-14 00:00:00-05:00,4.849999904632568,4.980000019073486,4.840000152587891,4.869999885559082,13300,0.0,0.0
2019-01-15 00:00:00-05:00,4.869999885559082,5.03000020980835,4.869999885559082,5.03000020980835,7100,0.0,0.0
2019-01-16 00:00:00-05:00,5.070000171661377,5.190000057220459,5.0,5.130000114440918,19100,0.0,0.0
2019-01-17 00:00:00-05:00,5.119999885559082,5.300000190734863,5.119999885559082,5.130000114440918,4900,0.0,0.0
2019-01-18 00:00:00-05:00,5.090000152587891,5.170000076293945,5.059999942779541,5.159999847412109,6600,0.0,0.0
2019-01-22 00:00:00-05:00,5.099999904632568,5.179999828338623,4.929999828338623,5.0,12900,0.0,0.0
2019-01-23 00:00:00-05:00,4.869999885559082,4.889999866485596,4.619999885559082,4.739999771118164,20400,0.0,0.0
2019-01-24 00:00:00-05:00,4.739999771118164,4.739999771118164,4.400000095367432,4.699999809265137,18100,0.0,0.0
2019-01-25 00:00:00-05:00,4.679999828338623,4.71999979019165,4.429999828338623,4.489999771118164,23800,0.0,0.0
2019-01-28 00:00:00-05:00,4.53000020980835,4.53000020980835,4.059999942779541,4.28000020980835,21800,0.0,0.0
2019-01-29 00:00:00-05:00,4.360000133514404,4.449999809265137,4.25,4.329999923706055,34200,0.0,0.0
2019-01-30 00:00:00-05:00,4.400000095367432,4.590000152587891,4.150000095367432,4.389999866485596,29100,0.0,0.0
2019-01-31 00:00:00-05:00,4.489999771118164,4.489999771118164,4.25,4.320000171661377,36500,0.0,0.0
2019-02-01 00:00:00-05:00,4.480000019073486,4.480000019073486,4.260000228881836,4.460000038146973,40300,0.0,0.0
2019-02-04 00:00:00-05:00,4.5,5.460000038146973,4.349999904632568,4.940000057220459,87500,0.0,0.0
2019-02-05 00:00:00-05:00,4.949999809265137,5.079999923706055,4.699999809265137,5.059999942779541,53100,0.0,0.0
2019-02-06 00:00:00-05:00,5.070000171661377,5.070000171661377,4.900000095367432,4.960000038146973,39100,0.0,0.0
2019-02-07 00:00:00-05:00,5.050000190734863,5.050000190734863,4.710000038146973,4.989999771118164,30100,0.0,0.0
2019-02-08 00:00:00-05:00,5.039999961853027,5.050000190734863,4.880000114440918,4.949999809265137,29000,0.0,0.0
2019-02-11 00:00:00-05:00,5.150000095367432,5.150000095367432,4.760000228881836,4.800000190734863,31700,0.0,0.0
2019-02-12 00:00:00-05:00,4.949999809265137,4.949999809265137,4.75,4.78000020980835,42500,0.0,0.0
2019-02-13 00:00:00-05:00,4.769999980926514,4.929999828338623,4.769999980926514,4.869999885559082,19600,0.0,0.0
2019-02-14 00:00:00-05:00,4.800000190734863,5.0,4.800000190734863,4.809999942779541,47600,0.0,0.0
2019-02-15 00:00:00-05:00,4.889999866485596,4.960000038146973,4.769999980926514,4.900000095367432,17300,0.0,0.0
2019-02-19 00:00:00-05:00,4.900000095367432,5.300000190734863,4.900000095367432,5.099999904632568,80900,0.0,0.0
2019-02-20 00:00:00-05:00,5.179999828338623,5.300000190734863,5.119999885559082,5.159999847412109,26800,0.0,0.0
2019-02-21 00:00:00-05:00,5.170000076293945,5.199999809265137,5.099999904632568,5.199999809265137,15500,0.0,0.0
2019-02-22 00:00:00-05:00,5.010000228881836,5.199999809265137,5.010000228881836,5.199999809265137,10000,0.0,0.0
2019-02-25 00:00:00-05:00,5.150000095367432,5.199999809265137,4.989999771118164,5.199999809265137,22600,0.0,0.0
2019-02-26 00:00:00-05:00,5.150000095367432,5.190000057220459,5.050000190734863,5.090000152587891,15100,0.0,0.0
2019-02-27 00:00:00-05:00,5.059999942779541,5.179999828338623,5.0,5.150000095367432,7400,0.0,0.0
2019-02-28 00:00:00-05:00,5.150000095367432,5.199999809265137,5.119999885559082,5.150000095367432,18000,0.0,0.0
2019-03-01 00:00:00-05:00,5.0,5.159999847412109,5.0,5.019999980926514,8900,0.0,0.0
2019-03-04 00:00:00-05:00,5.119999885559082,5.159999847412109,4.880000114440918,5.159999847412109,19800,0.0,0.0
2019-03-05 00:00:00-05:00,5.190000057220459,5.199999809265137,5.019999980926514,5.150000095367432,9200,0.0,0.0
2019-03-06 00:00:00-05:00,5.090000152587891,5.119999885559082,5.019999980926514,5.079999923706055,7400,0.0,0.0
2019-03-07 00:00:00-05:00,4.989999771118164,5.150000095367432,4.989999771118164,5.150000095367432,6200,0.0,0.0
2019-03-08 00:00:00-05:00,5.150000095367432,5.179999828338623,5.070000171661377,5.070000171661377,22900,0.0,0.0
2019-03-11 00:00:00-04:00,5.079999923706055,5.170000076293945,5.039999961853027,5.150000095367432,22300,0.0,0.0
2019-03-12 00:00:00-04:00,4.960000038146973,5.110000133514404,4.960000038146973,5.03000020980835,32400,0.0,0.0
2019-03-13 00:00:00-04:00,5.0,5.170000076293945,4.980000019073486,5.010000228881836,48000,0.0,0.0
2019-03-14 00:00:00-04:00,5.03000020980835,5.139999866485596,4.880000114440918,5.0,30400,0.0,0.0
2019-03-15 00:00:00-04:00,5.010000228881836,5.099999904632568,4.889999866485596,5.050000190734863,29500,0.0,0.0
2019-03-18 00:00:00-04:00,5.039999961853027,5.039999961853027,4.920000076293945,4.949999809265137,25100,0.0,0.0
2019-03-19 00:00:00-04:00,5.010000228881836,5.050000190734863,4.900000095367432,4.940000057220459,35700,0.0,0.0
2019-03-20 00:00:00-04:00,4.940000057220459,5.130000114440918,4.880000114440918,5.079999923706055,33700,0.0,0.0
2019-03-21 00:00:00-04:00,5.039999961853027,5.300000190734863,5.039999961853027,5.099999904632568,106800,0.0,0.0
2019-03-22 00:00:00-04:00,5.110000133514404,5.110000133514404,4.900000095367432,5.0,32300,0.0,0.0
2019-03-25 00:00:00-04:00,5.010000228881836,5.929999828338623,5.0,5.429999828338623,201700,0.0,0.0
2019-03-26 00:00:00-04:00,5.440000057220459,5.590000152587891,5.300000190734863,5.590000152587891,109700,0.0,0.0
2019-03-27 00:00:00-04:00,5.599999904632568,5.650000095367432,5.559999942779541,5.599999904632568,22600,0.0,0.0
2019-03-28 00:00:00-04:00,5.349999904632568,5.670000076293945,5.349999904632568,5.579999923706055,10400,0.0,0.0
2019-03-29 00:00:00-04:00,5.599999904632568,5.599999904632568,5.179999828338623,5.329999923706055,61000,0.0,0.0
2019-04-01 00:00:00-04:00,5.230000019073486,5.230000019073486,5.130000114440918,5.199999809265137,68100,0.0,0.0
2019-04-02 00:00:00-04:00,5.199999809265137,5.199999809265137,5.110000133514404,5.199999809265137,15700,0.0,0.0
2019-04-03 00:00:00-04:00,5.170000076293945,5.25,5.050000190734863,5.150000095367432,72200,0.0,0.0
2019-04-04 00:00:00-04:00,5.150000095367432,5.260000228881836,4.699999809265137,5.0,177800,0.0,0.0
2019-04-05 00:00:00-04:00,4.960000038146973,5.019999980926514,4.829999923706055,5.0,44000,0.0,0.0
2019-04-08 00:00:00-04:00,4.989999771118164,5.0,4.849999904632568,4.909999847412109,10000,0.0,0.0
2019-04-09 00:00:00-04:00,4.900000095367432,4.900000095367432,4.699999809265137,4.869999885559082,19300,0.0,0.0
2019-04-10 00:00:00-04:00,4.860000133514404,4.880000114440918,4.679999828338623,4.880000114440918,25900,0.0,0.0
2019-04-11 00:00:00-04:00,4.900000095367432,4.900000095367432,4.690000057220459,4.900000095367432,32500,0.0,0.0
2019-04-12 00:00:00-04:00,4.900000095367432,5.340000152587891,4.760000228881836,5.050000190734863,100300,0.0,0.0
2019-04-15 00:00:00-04:00,4.920000076293945,5.03000020980835,4.75,4.820000171661377,21100,0.0,0.0
2019-04-16 00:00:00-04:00,4.900000095367432,4.920000076293945,4.710000038146973,4.840000152587891,41800,0.0,0.0
2019-04-17 00:00:00-04:00,4.809999942779541,4.809999942779541,4.71999979019165,4.730000019073486,3800,0.0,0.0
2019-04-18 00:00:00-04:00,4.730000019073486,4.760000228881836,4.710000038146973,4.730000019073486,15500,0.0,0.0
2019-04-22 00:00:00-04:00,4.730000019073486,4.800000190734863,4.710000038146973,4.800000190734863,8400,0.0,0.0
2019-04-23 00:00:00-04:00,4.789999961853027,4.789999961853027,4.599999904632568,4.630000114440918,43700,0.0,0.0
2019-04-24 00:00:00-04:00,4.610000133514404,4.679999828338623,4.539999961853027,4.550000190734863,13700,0.0,0.0
2019-04-25 00:00:00-04:00,4.550000190734863,4.679999828338623,4.519999980926514,4.610000133514404,3800,0.0,0.0
2019-04-26 00:00:00-04:00,4.590000152587891,4.650000095367432,4.400000095367432,4.5,18000,0.0,0.0
2019-04-29 00:00:00-04:00,4.550000190734863,4.550000190734863,4.400000095367432,4.429999828338623,9000,0.0,0.0
2019-04-30 00:00:00-04:00,4.449999809265137,4.730000019073486,4.400000095367432,4.690000057220459,36100,0.0,0.0
2019-05-01 00:00:00-04:00,4.71999979019165,4.900000095367432,4.510000228881836,4.699999809265137,46000,0.0,0.0
2019-05-02 00:00:00-04:00,4.699999809265137,4.75,4.400000095367432,4.75,26200,0.0,0.0
2019-05-03 00:00:00-04:00,4.699999809265137,4.800000190734863,4.5,4.739999771118164,19700,0.0,0.0
2019-05-06 00:00:00-04:00,4.619999885559082,4.71999979019165,4.440000057220459,4.570000171661377,63800,0.0,0.0
2019-05-07 00:00:00-04:00,4.489999771118164,4.53000020980835,4.480000019073486,4.5,16100,0.0,0.0
2019-05-08 00:00:00-04:00,4.5,4.570000171661377,4.449999809265137,4.5,17200,0.0,0.0
2019-05-09 00:00:00-04:00,4.5,4.710000038146973,4.480000019073486,4.5,34600,0.0,0.0
2019-05-10 00:00:00-04:00,4.5,4.679999828338623,4.400000095367432,4.449999809265137,8400,0.0,0.0
2019-05-13 00:00:00-04:00,4.570000171661377,4.699999809265137,4.460000038146973,4.53000020980835,43400,0.0,0.0
2019-05-14 00:00:00-04:00,4.420000076293945,4.5,4.420000076293945,4.5,25800,0.0,0.0
2019-05-15 00:00:00-04:00,4.5,4.579999923706055,4.420000076293945,4.5,15200,0.0,0.0
2019-05-16 00:00:00-04:00,4.590000152587891,4.650000095367432,4.449999809265137,4.610000133514404,30400,0.0,0.0
2019-05-17 00:00:00-04:00,4.519999980926514,4.570000171661377,4.46999979019165,4.489999771118164,12800,0.0,0.0
2019-05-20 00:00:00-04:00,4.510000228881836,4.599999904632568,4.400000095367432,4.5,27900,0.0,0.0
2019-05-21 00:00:00-04:00,4.5,4.539999961853027,4.400000095367432,4.449999809265137,25300,0.0,0.0
2019-05-22 00:00:00-04:00,4.409999847412109,4.5,4.380000114440918,4.380000114440918,24200,0.0,0.0
2019-05-23 00:00:00-04:00,4.429999828338623,4.5,4.230000019073486,4.400000095367432,37400,0.0,0.0
2019-05-24 00:00:00-04:00,4.400000095367432,4.400000095367432,4.239999771118164,4.349999904632568,15800,0.0,0.0
2019-05-28 00:00:00-04:00,4.309999942779541,4.329999923706055,4.25,4.320000171661377,9600,0.0,0.0
2019-05-29 00:00:00-04:00,4.369999885559082,4.369999885559082,4.269999980926514,4.340000152587891,16600,0.0,0.0
2019-05-30 00:00:00-04:00,4.329999923706055,4.559999942779541,4.28000020980835,4.340000152587891,8200,0.0,0.0
2019-05-31 00:00:00-04:00,4.300000190734863,4.300000190734863,4.21999979019165,4.300000190734863,38100,0.0,0.0
2019-06-03 00:00:00-04:00,4.309999942779541,4.309999942779541,3.940000057220459,3.990000009536743,53100,0.0,0.0
2019-06-04 00:00:00-04:00,3.9100000858306885,4.010000228881836,3.7799999713897705,3.859999895095825,43800,0.0,0.0
2019-06-05 00:00:00-04:00,3.990000009536743,4.25,3.819999933242798,4.099999904632568,23900,0.0,0.0
2019-06-06 00:00:00-04:00,4.130000114440918,4.599999904632568,3.8299999237060547,3.869999885559082,50500,0.0,0.0
2019-06-07 00:00:00-04:00,3.880000114440918,4.239999771118164,3.880000114440918,4.010000228881836,35000,0.0,0.0
2019-06-10 00:00:00-04:00,4.139999866485596,4.150000095367432,4.03000020980835,4.150000095367432,11100,0.0,0.0
2019-06-11 00:00:00-04:00,4.150000095367432,4.25,3.9200000762939453,4.090000152587891,9600,0.0,0.0
2019-06-12 00:00:00-04:00,4.190000057220459,4.269999980926514,4.099999904632568,4.239999771118164,9700,0.0,0.0
2019-06-13 00:00:00-04:00,4.289999961853027,4.599999904632568,4.170000076293945,4.369999885559082,135100,0.0,0.0
2019-06-14 00:00:00-04:00,4.210000038146973,4.300000190734863,4.210000038146973,4.289999961853027,7800,0.0,0.0
2019-06-17 00:00:00-04:00,4.599999904632568,4.599999904632568,4.090000152587891,4.329999923706055,158000,0.0,0.0
2019-06-18 00:00:00-04:00,4.400000095367432,4.440000057220459,4.21999979019165,4.239999771118164,34200,0.0,0.0
2019-06-19 00:00:00-04:00,4.210000038146973,4.300000190734863,4.079999923706055,4.079999923706055,35300,0.0,0.0
2019-06-20 00:00:00-04:00,4.079999923706055,4.130000114440918,4.010000228881836,4.110000133514404,4700,0.0,0.0
2019-06-21 00:00:00-04:00,4.050000190734863,4.5,4.050000190734863,4.5,44300,0.0,0.0
2019-06-24 00:00:00-04:00,4.5,4.619999885559082,4.300000190734863,4.329999923706055,49400,0.0,0.0
2019-06-25 00:00:00-04:00,4.329999923706055,4.389999866485596,4.269999980926514,4.269999980926514,13700,0.0,0.0
2019-06-26 00:00:00-04:00,4.269999980926514,4.559999942779541,4.21999979019165,4.400000095367432,44800,0.0,0.0
2019-06-27 00:00:00-04:00,4.449999809265137,4.570000171661377,4.25,4.349999904632568,53600,0.0,0.0
2019-06-28 00:00:00-04:00,4.300000190734863,4.570000171661377,4.300000190734863,4.449999809265137,65200,0.0,0.0
2019-07-01 00:00:00-04:00,4.570000171661377,4.570000171661377,4.21999979019165,4.25,30200,0.0,0.0
2019-07-02 00:00:00-04:00,4.340000152587891,4.389999866485596,4.199999809265137,4.199999809265137,7000,0.0,0.0
2019-07-03 00:00:00-04:00,4.230000019073486,4.460000038146973,4.210000038146973,4.21999979019165,3200,0.0,0.0
2019-07-05 00:00:00-04:00,4.400000095367432,4.409999847412109,4.199999809265137,4.230000019073486,10600,0.0,0.0
2019-07-08 00:00:00-04:00,4.150000095367432,4.380000114440918,4.139999866485596,4.380000114440918,3300,0.0,0.0
2019-07-09 00:00:00-04:00,4.269999980926514,4.300000190734863,4.179999828338623,4.28000020980835,7000,0.0,0.0
2019-07-10 00:00:00-04:00,4.260000228881836,4.460000038146973,4.260000228881836,4.389999866485596,4400,0.0,0.0
2019-07-11 00:00:00-04:00,4.389999866485596,4.389999866485596,4.179999828338623,4.28000020980835,18600,0.0,0.0
2019-07-12 00:00:00-04:00,4.340000152587891,4.340000152587891,4.179999828338623,4.179999828338623,8400,0.0,0.0
2019-07-15 00:00:00-04:00,4.21999979019165,4.28000020980835,4.21999979019165,4.260000228881836,17700,0.0,0.0
2019-07-16 00:00:00-04:00,4.25,4.650000095367432,4.25,4.590000152587891,95500,0.0,0.0
2019-07-17 00:00:00-04:00,4.599999904632568,4.690000057220459,4.5,4.650000095367432,22800,0.0,0.0
2019-07-18 00:00:00-04:00,4.650000095367432,4.659999847412109,4.519999980926514,4.659999847412109,12300,0.0,0.0
2019-07-19 00:00:00-04:00,4.699999809265137,4.699999809265137,4.320000171661377,4.320000171661377,13000,0.0,0.0
2019-07-22 00:00:00-04:00,4.369999885559082,4.610000133514404,4.25,4.369999885559082,14800,0.0,0.0
2019-07-23 00:00:00-04:00,4.340000152587891,4.639999866485596,4.309999942779541,4.639999866485596,8100,0.0,0.0
2019-07-24 00:00:00-04:00,4.420000076293945,4.630000114440918,4.420000076293945,4.630000114440918,5600,0.0,0.0
2019-07-25 00:00:00-04:00,4.619999885559082,4.650000095367432,4.340000152587891,4.550000190734863,4600,0.0,0.0
2019-07-26 00:00:00-04:00,4.639999866485596,4.639999866485596,4.420000076293945,4.590000152587891,5700,0.0,0.0
2019-07-29 00:00:00-04:00,4.570000171661377,4.650000095367432,4.510000228881836,4.510000228881836,6200,0.0,0.0
2019-07-30 00:00:00-04:00,4.46999979019165,4.650000095367432,4.400000095367432,4.650000095367432,25600,0.0,0.0
2019-07-31 00:00:00-04:00,4.710000038146973,4.789999961853027,4.590000152587891,4.659999847412109,11800,0.0,0.0
2019-08-01 00:00:00-04:00,4.630000114440918,4.78000020980835,4.53000020980835,4.53000020980835,5800,0.0,0.0
2019-08-02 00:00:00-04:00,4.570000171661377,4.639999866485596,4.369999885559082,4.639999866485596,3500,0.0,0.0
2019-08-05 00:00:00-04:00,4.590000152587891,4.840000152587891,4.559999942779541,4.679999828338623,31000,0.0,0.0
2019-08-06 00:00:00-04:00,4.610000133514404,4.900000095367432,4.550000190734863,4.650000095367432,31100,0.0,0.0
2019-08-07 00:00:00-04:00,4.599999904632568,4.900000095367432,4.599999904632568,4.75,11700,0.0,0.0
2019-08-08 00:00:00-04:00,4.699999809265137,4.699999809265137,4.630000114440918,4.670000076293945,5200,0.0,0.0
2019-08-09 00:00:00-04:00,4.639999866485596,4.849999904632568,4.630000114440918,4.849999904632568,7200,0.0,0.0
2019-08-12 00:00:00-04:00,5.0,5.0,4.610000133514404,4.800000190734863,41500,0.0,0.0
2019-08-13 00:00:00-04:00,4.929999828338623,4.929999828338623,4.389999866485596,4.659999847412109,19400,0.0,0.0
2019-08-14 00:00:00-04:00,4.710000038146973,4.789999961853027,4.460000038146973,4.550000190734863,23500,0.0,0.0
2019-08-15 00:00:00-04:00,4.659999847412109,4.659999847412109,4.400000095367432,4.5,17100,0.0,0.0
2019-08-16 00:00:00-04:00,4.480000019073486,4.5,4.400000095367432,4.5,6600,0.0,0.0
2019-08-19 00:00:00-04:00,4.550000190734863,4.570000171661377,4.309999942779541,4.539999961853027,12600,0.0,0.0
2019-08-20 00:00:00-04:00,4.460000038146973,4.489999771118164,4.28000020980835,4.329999923706055,13300,0.0,0.0
2019-08-21 00:00:00-04:00,4.5,4.5,4.329999923706055,4.5,5500,0.0,0.0
2019-08-22 00:00:00-04:00,4.5,4.550000190734863,4.269999980926514,4.550000190734863,11600,0.0,0.0
2019-08-23 00:00:00-04:00,4.46999979019165,4.539999961853027,4.369999885559082,4.440000057220459,4200,0.0,0.0
2019-08-26 00:00:00-04:00,4.519999980926514,4.550000190734863,4.5,4.550000190734863,5500,0.0,0.0
2019-08-27 00:00:00-04:00,4.53000020980835,4.53000020980835,4.449999809265137,4.480000019073486,39800,0.0,0.0
2019-08-28 00:00:00-04:00,4.519999980926514,4.559999942779541,4.5,4.539999961853027,64000,0.0,0.0
2019-08-29 00:00:00-04:00,4.590000152587891,4.650000095367432,4.46999979019165,4.489999771118164,28100,0.0,0.0
2019-08-30 00:00:00-04:00,4.5,4.550000190734863,4.340000152587891,4.550000190734863,11400,0.0,0.0
2019-09-03 00:00:00-04:00,4.550000190734863,4.550000190734863,4.440000057220459,4.449999809265137,8600,0.0,0.0
2019-09-04 00:00:00-04:00,4.480000019073486,4.480000019073486,4.260000228881836,4.260000228881836,14500,0.0,0.0
2019-09-05 00:00:00-04:00,4.269999980926514,4.449999809265137,4.159999847412109,4.239999771118164,53000,0.0,0.0
2019-09-06 00:00:00-04:00,4.210000038146973,4.519999980926514,4.210000038146973,4.519999980926514,15600,0.0,0.0
2019-09-09 00:00:00-04:00,4.53000020980835,4.590000152587891,4.409999847412109,4.440000057220459,9400,0.0,0.0
2019-09-10 00:00:00-04:00,4.599999904632568,4.650000095367432,4.409999847412109,4.650000095367432,41200,0.0,0.0
2019-09-11 00:00:00-04:00,4.710000038146973,4.71999979019165,4.53000020980835,4.619999885559082,9100,0.0,0.0
2019-09-12 00:00:00-04:00,4.630000114440918,4.630000114440918,4.400000095367432,4.599999904632568,29200,0.0,0.0
2019-09-13 00:00:00-04:00,4.53000020980835,4.610000133514404,4.429999828338623,4.539999961853027,73300,0.0,0.0
2019-09-16 00:00:00-04:00,4.579999923706055,4.579999923706055,4.449999809265137,4.480000019073486,15300,0.0,0.0
2019-09-17 00:00:00-04:00,4.449999809265137,4.679999828338623,4.260000228881836,4.320000171661377,42300,0.0,0.0
2019-09-18 00:00:00-04:00,4.400000095367432,4.420000076293945,4.130000114440918,4.21999979019165,31200,0.0,0.0
2019-09-19 00:00:00-04:00,4.320000171661377,4.349999904632568,4.099999904632568,4.239999771118164,8000,0.0,0.0
2019-09-20 00:00:00-04:00,4.210000038146973,4.420000076293945,4.139999866485596,4.320000171661377,46200,0.0,0.0
2019-09-23 00:00:00-04:00,4.320000171661377,4.429999828338623,4.110000133514404,4.199999809265137,89600,0.0,0.0
2019-09-24 00:00:00-04:00,4.159999847412109,4.320000171661377,4.099999904632568,4.320000171661377,20300,0.0,0.0
2019-09-25 00:00:00-04:00,4.260000228881836,4.360000133514404,4.150000095367432,4.199999809265137,66500,0.0,0.0
2019-09-26 00:00:00-04:00,4.349999904632568,4.460000038146973,4.159999847412109,4.190000057220459,28700,0.0,0.0
2019-09-27 00:00:00-04:00,4.320000171661377,4.449999809265137,4.159999847412109,4.210000038146973,11700,0.0,0.0
2019-09-30 00:00:00-04:00,4.369999885559082,4.480000019073486,4.179999828338623,4.46999979019165,26000,0.0,0.0
2019-10-01 00:00:00-04:00,4.380000114440918,4.449999809265137,4.059999942779541,4.090000152587891,38100,0.0,0.0
2019-10-02 00:00:00-04:00,4.099999904632568,4.150000095367432,4.010000228881836,4.050000190734863,16600,0.0,0.0
2019-10-03 00:00:00-04:00,3.880000114440918,4.090000152587891,3.799999952316284,3.9000000953674316,33800,0.0,0.0
2019-10-04 00:00:00-04:00,3.930000066757202,3.930000066757202,3.6600000858306885,3.680000066757202,47400,0.0,0.0
2019-10-07 00:00:00-04:00,3.700000047683716,3.990000009536743,3.700000047683716,3.859999895095825,32800,0.0,0.0
2019-10-08 00:00:00-04:00,3.859999895095825,4.0,3.799999952316284,3.809999942779541,50800,0.0,0.0
2019-10-09 00:00:00-04:00,3.75,3.7799999713897705,3.6500000953674316,3.7100000381469727,9700,0.0,0.0
2019-10-10 00:00:00-04:00,3.7699999809265137,3.8499999046325684,3.5899999141693115,3.5899999141693115,47300,0.0,0.0
2019-10-11 00:00:00-04:00,3.6600000858306885,3.819999933242798,3.6600000858306885,3.6700000762939453,31800,0.0,0.0
2019-10-14 00:00:00-04:00,3.700000047683716,3.740000009536743,3.5799999237060547,3.5799999237060547,12700,0.0,0.0
2019-10-15 00:00:00-04:00,3.680000066757202,3.680000066757202,3.5199999809265137,3.549999952316284,18000,0.0,0.0
2019-10-16 00:00:00-04:00,3.5,3.7799999713897705,3.5,3.740000009536743,15800,0.0,0.0
2019-10-17 00:00:00-04:00,3.7200000286102295,3.809999942779541,3.700000047683716,3.7100000381469727,21100,0.0,0.0
2019-10-18 00:00:00-04:00,3.75,3.8499999046325684,3.6600000858306885,3.8299999237060547,39600,0.0,0.0
2019-10-21 00:00:00-04:00,3.700000047683716,3.8499999046325684,3.5999999046325684,3.5999999046325684,34200,0.0,0.0
2019-10-22 00:00:00-04:00,3.5799999237060547,3.7200000286102295,3.509999990463257,3.680000066757202,10400,0.0,0.0
2019-10-23 00:00:00-04:00,3.6500000953674316,3.6700000762939453,3.4600000381469727,3.5199999809265137,20600,0.0,0.0
2019-10-24 00:00:00-04:00,3.5999999046325684,3.5999999046325684,3.4200000762939453,3.5199999809265137,11300,0.0,0.0
2019-10-25 00:00:00-04:00,3.549999952316284,3.630000114440918,3.4700000286102295,3.5399999618530273,31600,0.0,0.0
2019-10-28 00:00:00-04:00,3.559999942779541,3.569999933242798,3.3299999237060547,3.4600000381469727,44600,0.0,0.0
2019-10-29 00:00:00-04:00,3.490000009536743,3.490000009536743,2.7699999809265137,2.9800000190734863,83000,0.0,0.0
2019-10-30 00:00:00-04:00,2.9800000190734863,3.390000104904175,2.9800000190734863,3.180000066757202,66200,0.0,0.0
2019-10-31 00:00:00-04:00,3.0399999618530273,3.390000104904175,2.9700000286102295,3.1600000858306885,28200,0.0,0.0
2019-11-01 00:00:00-04:00,3.2799999713897705,3.319999933242798,3.0,3.109999895095825,20500,0.0,0.0
2019-11-04 00:00:00-05:00,3.0999999046325684,3.299999952316284,3.009999990463257,3.190000057220459,51800,0.0,0.0
2019-11-05 00:00:00-05:00,3.0999999046325684,3.390000104904175,3.0999999046325684,3.390000104904175,20600,0.0,0.0
2019-11-06 00:00:00-05:00,3.450000047683716,3.5,3.3399999141693115,3.4800000190734863,8100,0.0,0.0
2019-11-07 00:00:00-05:00,3.4800000190734863,3.4800000190734863,3.3499999046325684,3.4800000190734863,9000,0.0,0.0
2019-11-08 00:00:00-05:00,3.380000114440918,3.8399999141693115,3.3499999046325684,3.5999999046325684,80500,0.0,0.0
2019-11-11 00:00:00-05:00,3.5999999046325684,3.5999999046325684,3.390000104904175,3.5,26900,0.0,0.0
2019-11-12 00:00:00-05:00,3.3499999046325684,3.440000057220459,3.25,3.2799999713897705,16600,0.0,0.0
2019-11-13 00:00:00-05:00,3.3499999046325684,3.380000114440918,3.200000047683716,3.369999885559082,32300,0.0,0.0
2019-11-14 00:00:00-05:00,3.380000114440918,3.380000114440918,2.9200000762939453,3.0,41200,0.0,0.0
2019-11-15 00:00:00-05:00,3.109999895095825,3.430000066757202,3.0999999046325684,3.4200000762939453,15500,0.0,0.0
2019-11-18 00:00:00-05:00,3.3499999046325684,3.3499999046325684,3.200000047683716,3.25,28100,0.0,0.0
2019-11-19 00:00:00-05:00,3.190000057220459,3.4000000953674316,3.130000114440918,3.359999895095825,22900,0.0,0.0
2019-11-20 00:00:00-05:00,3.380000114440918,3.4000000953674316,3.259999990463257,3.259999990463257,14900,0.0,0.0
2019-11-21 00:00:00-05:00,3.380000114440918,3.380000114440918,3.180000066757202,3.3499999046325684,7200,0.0,0.0
2019-11-22 00:00:00-05:00,3.200000047683716,3.200000047683716,3.119999885559082,3.190000057220459,9700,0.0,0.0
2019-11-25 00:00:00-05:00,3.2100000381469727,3.3499999046325684,2.9600000381469727,3.140000104904175,93600,0.0,0.0
2019-11-26 00:00:00-05:00,3.0999999046325684,3.25,2.859999895095825,2.9200000762939453,65500,0.0,0.0
2019-11-27 00:00:00-05:00,2.9800000190734863,3.200000047683716,2.880000114440918,2.9800000190734863,58500,0.0,0.0
2019-11-29 00:00:00-05:00,3.0799999237060547,3.0999999046325684,2.9800000190734863,3.0999999046325684,22800,0.0,0.0
2019-12-02 00:00:00-05:00,3.200000047683716,3.200000047683716,2.880000114440918,3.119999885559082,30800,0.0,0.0
2019-12-03 00:00:00-05:00,3.190000057220459,3.190000057220459,2.5899999141693115,2.9100000858306885,69600,0.0,0.0
2019-12-04 00:00:00-05:00,2.819999933242798,2.880000114440918,2.75,2.8499999046325684,44200,0.0,0.0
2019-12-05 00:00:00-05:00,2.799999952316284,2.809999942779541,2.5799999237060547,2.609999895095825,130500,0.0,0.0
2019-12-06 00:00:00-05:00,2.5899999141693115,2.7699999809265137,2.5899999141693115,2.7200000286102295,84200,0.0,0.0
2019-12-09 00:00:00-05:00,2.700000047683716,2.7100000381469727,2.4000000953674316,2.5999999046325684,101500,0.0,0.0
2019-12-10 00:00:00-05:00,2.5999999046325684,2.6500000953674316,2.3499999046325684,2.6500000953674316,125600,0.0,0.0
2019-12-11 00:00:00-05:00,2.6500000953674316,2.7899999618530273,2.509999990463257,2.6700000762939453,91200,0.0,0.0
2019-12-12 00:00:00-05:00,2.7300000190734863,2.990000009536743,2.6500000953674316,2.799999952316284,72200,0.0,0.0
2019-12-13 00:00:00-05:00,2.799999952316284,2.8499999046325684,2.700000047683716,2.8499999046325684,26400,0.0,0.0
2019-12-16 00:00:00-05:00,2.8499999046325684,3.2899999618530273,2.8499999046325684,3.140000104904175,91800,0.0,0.0
2019-12-17 00:00:00-05:00,3.130000114440918,3.390000104904175,2.890000104904175,2.990000009536743,58300,0.0,0.0
2019-12-18 00:00:00-05:00,2.9600000381469727,3.2899999618530273,2.869999885559082,2.990000009536743,49600,0.0,0.0
2019-12-19 00:00:00-05:00,2.9000000953674316,3.3399999141693115,2.809999942779541,2.950000047683716,30400,0.0,0.0
2019-12-20 00:00:00-05:00,3.0199999809265137,3.109999895095825,2.9000000953674316,3.109999895095825,102500,0.0,0.0
2019-12-23 00:00:00-05:00,3.0999999046325684,3.190000057220459,3.0199999809265137,3.0999999046325684,78900,0.0,0.0
2019-12-24 00:00:00-05:00,3.059999942779541,3.180000066757202,2.9100000858306885,3.069999933242798,22900,0.0,0.0
2019-12-26 00:00:00-05:00,3.0,3.069999933242798,2.9000000953674316,2.9100000858306885,35500,0.0,0.0
2019-12-27 00:00:00-05:00,2.990000009536743,3.7699999809265137,2.990000009536743,3.75,187700,0.0,0.0
2019-12-30 00:00:00-05:00,3.7200000286102295,4.329999923706055,3.7200000286102295,4.179999828338623,174600,0.0,0.0
2019-12-31 00:00:00-05:00,4.440000057220459,4.900000095367432,4.199999809265137,4.659999847412109,166100,0.0,0.0
2020-01-02 00:00:00-05:00,4.809999942779541,4.900000095367432,4.170000076293945,4.5,100500,0.0,0.0
2020-01-03 00:00:00-05:00,4.699999809265137,4.909999847412109,4.619999885559082,4.869999885559082,54500,0.0,0.0
2020-01-06 00:00:00-05:00,4.869999885559082,5.239999771118164,4.769999980926514,5.139999866485596,117900,0.0,0.0
2020-01-07 00:00:00-05:00,5.099999904632568,5.599999904632568,5.099999904632568,5.099999904632568,53000,0.0,0.0
2020-01-08 00:00:00-05:00,5.039999961853027,5.059999942779541,4.75,4.849999904632568,38200,0.0,0.0
2020-01-09 00:00:00-05:00,4.75,4.75,4.550000190734863,4.699999809265137,30200,0.0,0.0
2020-01-10 00:00:00-05:00,4.599999904632568,4.599999904632568,4.340000152587891,4.519999980926514,68200,0.0,0.0
2020-01-13 00:00:00-05:00,4.420000076293945,4.449999809265137,4.139999866485596,4.239999771118164,32500,0.0,0.0
2020-01-14 00:00:00-05:00,4.170000076293945,5.0,4.070000171661377,4.690000057220459,30500,0.0,0.0
2020-01-15 00:00:00-05:00,4.599999904632568,4.980000019073486,4.599999904632568,4.96999979019165,27000,0.0,0.0
2020-01-16 00:00:00-05:00,4.980000019073486,5.199999809265137,4.980000019073486,5.019999980926514,32100,0.0,0.0
2020-01-17 00:00:00-05:00,5.199999809265137,5.550000190734863,5.199999809265137,5.400000095367432,113200,0.0,0.0
2020-01-21 00:00:00-05:00,5.389999866485596,5.389999866485596,5.0,5.090000152587891,86500,0.0,0.0
2020-01-22 00:00:00-05:00,4.920000076293945,5.139999866485596,4.739999771118164,5.099999904632568,26100,0.0,0.0
2020-01-23 00:00:00-05:00,5.099999904632568,5.099999904632568,4.699999809265137,4.730000019073486,63700,0.0,0.0
2020-01-24 00:00:00-05:00,4.690000057220459,5.0,4.599999904632568,4.900000095367432,25500,0.0,0.0
2020-01-27 00:00:00-05:00,4.900000095367432,4.900000095367432,4.769999980926514,4.800000190734863,8900,0.0,0.0
2020-01-28 00:00:00-05:00,4.800000190734863,4.829999923706055,4.619999885559082,4.829999923706055,18400,0.0,0.0
2020-01-29 00:00:00-05:00,4.900000095367432,5.400000095367432,4.900000095367432,5.239999771118164,49900,0.0,0.0
2020-01-30 00:00:00-05:00,5.269999980926514,5.349999904632568,5.039999961853027,5.059999942779541,35200,0.0,0.0
2020-01-31 00:00:00-05:00,4.980000019073486,5.210000038146973,4.980000019073486,5.179999828338623,17000,0.0,0.0
2020-02-03 00:00:00-05:00,6.179999828338623,6.489999771118164,5.309999942779541,5.440000057220459,474400,0.0,0.0
2020-02-04 00:00:00-05:00,5.440000057220459,5.46999979019165,4.909999847412109,5.070000171661377,93100,0.0,0.0
2020-02-05 00:00:00-05:00,4.96999979019165,5.090000152587891,4.710000038146973,4.889999866485596,53200,0.0,0.0
2020-02-06 00:00:00-05:00,4.889999866485596,5.25,4.800000190734863,5.070000171661377,52900,0.0,0.0
2020-02-07 00:00:00-05:00,5.0,5.0,4.880000114440918,4.949999809265137,14700,0.0,0.0
2020-02-10 00:00:00-05:00,4.949999809265137,4.980000019073486,4.849999904632568,4.940000057220459,16000,0.0,0.0
2020-02-11 00:00:00-05:00,4.880000114440918,5.380000114440918,4.800000190734863,5.050000190734863,203000,0.0,0.0
2020-02-12 00:00:00-05:00,5.130000114440918,5.130000114440918,4.820000171661377,5.0,27800,0.0,0.0
2020-02-13 00:00:00-05:00,5.0,5.139999866485596,4.96999979019165,5.110000133514404,88200,0.0,0.0
2020-02-14 00:00:00-05:00,5.090000152587891,5.090000152587891,4.860000133514404,4.880000114440918,17800,0.0,0.0
2020-02-18 00:00:00-05:00,4.840000152587891,4.949999809265137,4.75,4.769999980926514,19000,0.0,0.0
2020-02-19 00:00:00-05:00,4.75,4.860000133514404,4.619999885559082,4.840000152587891,31500,0.0,0.0
2020-02-20 00:00:00-05:00,4.869999885559082,4.869999885559082,4.5,4.849999904632568,30200,0.0,0.0
2020-02-21 00:00:00-05:00,4.869999885559082,4.869999885559082,4.550000190734863,4.550000190734863,36000,0.0,0.0
2020-02-24 00:00:00-05:00,4.400000095367432,4.510000228881836,4.190000057220459,4.440000057220459,53700,0.0,0.0
2020-02-25 00:00:00-05:00,4.409999847412109,4.440000057220459,4.199999809265137,4.21999979019165,32500,0.0,0.0
2020-02-26 00:00:00-05:00,4.21999979019165,4.400000095367432,4.179999828338623,4.340000152587891,36700,0.0,0.0
2020-02-27 00:00:00-05:00,4.28000020980835,4.300000190734863,4.119999885559082,4.119999885559082,36100,0.0,0.0
2020-02-28 00:00:00-05:00,4.110000133514404,4.320000171661377,4.110000133514404,4.320000171661377,23900,0.0,0.0
2020-03-02 00:00:00-05:00,4.25,4.349999904632568,4.110000133514404,4.199999809265137,15900,0.0,0.0
2020-03-03 00:00:00-05:00,4.199999809265137,4.340000152587891,4.199999809265137,4.289999961853027,29000,0.0,0.0
2020-03-04 00:00:00-05:00,4.230000019073486,4.329999923706055,4.210000038146973,4.25,20700,0.0,0.0
2020-03-05 00:00:00-05:00,4.25,4.449999809265137,4.239999771118164,4.289999961853027,67500,0.0,0.0
2020-03-06 00:00:00-05:00,4.300000190734863,4.300000190734863,4.019999980926514,4.019999980926514,52400,0.0,0.0
2020-03-09 00:00:00-04:00,4.0,4.0,3.569999933242798,3.700000047683716,53900,0.0,0.0
2020-03-10 00:00:00-04:00,4.199999809265137,4.199999809265137,3.630000114440918,3.7300000190734863,22300,0.0,0.0
2020-03-11 00:00:00-04:00,3.7100000381469727,3.9000000953674316,3.640000104904175,3.859999895095825,35600,0.0,0.0
2020-03-12 00:00:00-04:00,3.799999952316284,3.799999952316284,3.1600000858306885,3.2799999713897705,49900,0.0,0.0
2020-03-13 00:00:00-04:00,3.430000066757202,3.9000000953674316,3.430000066757202,3.4600000381469727,17800,0.0,0.0
2020-03-16 00:00:00-04:00,3.1700000762939453,3.819999933242798,3.1700000762939453,3.25,15400,0.0,0.0
2020-03-17 00:00:00-04:00,3.119999885559082,3.3299999237060547,3.049999952316284,3.069999933242798,30600,0.0,0.0
2020-03-18 00:00:00-04:00,3.2100000381469727,3.25,2.799999952316284,2.940000057220459,38800,0.0,0.0
2020-03-19 00:00:00-04:00,2.990000009536743,3.180000066757202,2.799999952316284,2.990000009536743,39100,0.0,0.0
2020-03-20 00:00:00-04:00,3.2300000190734863,3.2799999713897705,2.990000009536743,2.990000009536743,15400,0.0,0.0
2020-03-23 00:00:00-04:00,2.9700000286102295,2.9700000286102295,2.759999990463257,2.759999990463257,13300,0.0,0.0
2020-03-24 00:00:00-04:00,2.990000009536743,3.109999895095825,2.990000009536743,3.0999999046325684,30800,0.0,0.0
2020-03-25 00:00:00-04:00,3.049999952316284,3.259999990463257,3.049999952316284,3.109999895095825,16000,0.0,0.0
2020-03-26 00:00:00-04:00,3.2100000381469727,3.4000000953674316,3.2100000381469727,3.4000000953674316,31500,0.0,0.0
2020-03-27 00:00:00-04:00,3.359999895095825,3.4000000953674316,3.119999885559082,3.299999952316284,7300,0.0,0.0
2020-03-30 00:00:00-04:00,3.4000000953674316,3.4000000953674316,3.309999942779541,3.309999942779541,21300,0.0,0.0
2020-03-31 00:00:00-04:00,3.450000047683716,4.010000228881836,3.319999933242798,3.799999952316284,51300,0.0,0.0
2020-04-01 00:00:00-04:00,3.9200000762939453,3.9200000762939453,3.3399999141693115,3.5999999046325684,19000,0.0,0.0
2020-04-02 00:00:00-04:00,3.7899999618530273,4.460000038146973,3.7899999618530273,4.389999866485596,55700,0.0,0.0
2020-04-03 00:00:00-04:00,4.650000095367432,4.650000095367432,3.609999895095825,3.9700000286102295,28100,0.0,0.0
2020-04-06 00:00:00-04:00,3.9600000381469727,4.050000190734863,3.819999933242798,3.819999933242798,14000,0.0,0.0
2020-04-07 00:00:00-04:00,3.7799999713897705,4.429999828338623,3.609999895095825,4.159999847412109,17700,0.0,0.0
2020-04-08 00:00:00-04:00,4.25,4.840000152587891,3.7799999713897705,4.199999809265137,114300,0.0,0.0
2020-04-09 00:00:00-04:00,4.449999809265137,4.5,4.190000057220459,4.489999771118164,31100,0.0,0.0
2020-04-13 00:00:00-04:00,4.429999828338623,4.489999771118164,4.110000133514404,4.369999885559082,23000,0.0,0.0
2020-04-14 00:00:00-04:00,4.300000190734863,5.0,4.289999961853027,4.989999771118164,141900,0.0,0.0
2020-04-15 00:00:00-04:00,4.980000019073486,4.980000019073486,4.510000228881836,4.96999979019165,61800,0.0,0.0
2020-04-16 00:00:00-04:00,4.949999809265137,4.949999809265137,4.699999809265137,4.699999809265137,28000,0.0,0.0
2020-04-17 00:00:00-04:00,4.699999809265137,4.880000114440918,4.699999809265137,4.849999904632568,60900,0.0,0.0
2020-04-20 00:00:00-04:00,4.800000190734863,5.099999904632568,4.690000057220459,5.019999980926514,49900,0.0,0.0
2020-04-21 00:00:00-04:00,4.909999847412109,5.0,4.78000020980835,4.800000190734863,37300,0.0,0.0
2020-04-22 00:00:00-04:00,4.75,5.03000020980835,4.739999771118164,5.019999980926514,39300,0.0,0.0
2020-04-23 00:00:00-04:00,5.0,5.25,4.929999828338623,5.21999979019165,125000,0.0,0.0
2020-04-24 00:00:00-04:00,5.159999847412109,5.28000020980835,5.050000190734863,5.099999904632568,95900,0.0,0.0
2020-04-27 00:00:00-04:00,5.099999904632568,5.199999809265137,5.0,5.150000095367432,76800,0.0,0.0
2020-04-28 00:00:00-04:00,5.289999961853027,5.420000076293945,5.210000038146973,5.289999961853027,91300,0.0,0.0
2020-04-29 00:00:00-04:00,5.449999809265137,5.46999979019165,5.300000190734863,5.349999904632568,33300,0.0,0.0
2020-04-30 00:00:00-04:00,5.019999980926514,5.340000152587891,5.010000228881836,5.019999980926514,48400,0.0,0.0
2020-05-01 00:00:00-04:00,5.010000228881836,5.010000228881836,4.75,4.989999771118164,53700,0.0,0.0
2020-05-04 00:00:00-04:00,5.010000228881836,5.349999904632568,4.75,5.349999904632568,34900,0.0,0.0
2020-05-05 00:00:00-04:00,5.349999904632568,5.489999771118164,5.309999942779541,5.420000076293945,50700,0.0,0.0
2020-05-06 00:00:00-04:00,5.389999866485596,5.619999885559082,5.380000114440918,5.449999809265137,105900,0.0,0.0
2020-05-07 00:00:00-04:00,5.699999809265137,6.0,5.5,5.809999942779541,242300,0.0,0.0
2020-05-08 00:00:00-04:00,5.900000095367432,6.139999866485596,5.679999828338623,6.110000133514404,89500,0.0,0.0
2020-05-11 00:00:00-04:00,6.099999904632568,6.099999904632568,5.670000076293945,5.929999828338623,211000,0.0,0.0
2020-05-12 00:00:00-04:00,5.860000133514404,6.179999828338623,5.829999923706055,6.03000020980835,140600,0.0,0.0
2020-05-13 00:00:00-04:00,6.03000020980835,8.199999809265137,5.360000133514404,6.75,1821300,0.0,0.0
2020-05-14 00:00:00-04:00,6.510000228881836,6.889999866485596,6.110000133514404,6.699999809265137,193700,0.0,0.0
2020-05-15 00:00:00-04:00,6.980000019073486,7.400000095367432,6.670000076293945,7.28000020980835,258800,0.0,0.0
2020-05-18 00:00:00-04:00,7.400000095367432,7.400000095367432,6.730000019073486,6.840000152587891,177300,0.0,0.0
2020-05-19 00:00:00-04:00,6.840000152587891,7.0,6.329999923706055,6.960000038146973,120900,0.0,0.0
2020-05-20 00:00:00-04:00,6.929999828338623,7.110000133514404,6.710000038146973,7.03000020980835,77800,0.0,0.0
2020-05-21 00:00:00-04:00,6.909999847412109,7.300000190734863,6.849999904632568,7.179999828338623,90200,0.0,0.0
2020-05-22 00:00:00-04:00,7.150000095367432,7.440000057220459,6.949999809265137,7.260000228881836,254500,0.0,0.0
2020-05-26 00:00:00-04:00,7.150000095367432,7.369999885559082,6.869999885559082,6.869999885559082,151000,0.0,0.0
2020-05-27 00:00:00-04:00,6.860000133514404,7.0,6.599999904632568,6.880000114440918,88800,0.0,0.0
2020-05-28 00:00:00-04:00,6.920000076293945,7.179999828338623,6.860000133514404,6.860000133514404,34500,0.0,0.0
2020-05-29 00:00:00-04:00,6.909999847412109,7.289999961853027,6.789999961853027,7.269999980926514,68000,0.0,0.0
2020-06-01 00:00:00-04:00,7.090000152587891,7.5,7.03000020980835,7.260000228881836,133500,0.0,0.0
2020-06-02 00:00:00-04:00,7.300000190734863,7.769999980926514,7.210000038146973,7.679999828338623,109500,0.0,0.0
2020-06-03 00:00:00-04:00,7.710000038146973,7.889999866485596,7.510000228881836,7.840000152587891,77400,0.0,0.0
2020-06-04 00:00:00-04:00,7.900000095367432,7.900000095367432,7.559999942779541,7.699999809265137,82100,0.0,0.0
2020-06-05 00:00:00-04:00,7.739999771118164,7.78000020980835,7.159999847412109,7.670000076293945,145500,0.0,0.0
2020-06-08 00:00:00-04:00,7.699999809265137,7.800000190734863,7.46999979019165,7.5,106900,0.0,0.0
2020-06-09 00:00:00-04:00,7.5,7.800000190734863,7.400000095367432,7.690000057220459,100300,0.0,0.0
2020-06-10 00:00:00-04:00,7.900000095367432,7.949999809265137,7.329999923706055,7.619999885559082,160300,0.0,0.0
2020-06-11 00:00:00-04:00,7.300000190734863,7.46999979019165,6.099999904632568,6.360000133514404,172100,0.0,0.0
2020-06-12 00:00:00-04:00,6.670000076293945,6.980000019073486,6.5,6.619999885559082,145700,0.0,0.0
2020-06-15 00:00:00-04:00,6.260000228881836,7.349999904632568,6.260000228881836,6.940000057220459,281200,0.0,0.0
2020-06-16 00:00:00-04:00,7.050000190734863,7.130000114440918,6.840000152587891,6.989999771118164,124000,0.0,0.0
2020-06-17 00:00:00-04:00,6.960000038146973,7.099999904632568,6.679999828338623,6.840000152587891,234800,0.0,0.0
2020-06-18 00:00:00-04:00,6.619999885559082,7.0,6.619999885559082,6.940000057220459,178600,0.0,0.0
2020-06-19 00:00:00-04:00,7.0,7.0,6.619999885559082,6.619999885559082,337400,0.0,0.0
2020-06-22 00:00:00-04:00,6.75,6.949999809265137,6.610000133514404,6.829999923706055,315200,0.0,0.0
2020-06-23 00:00:00-04:00,6.849999904632568,6.849999904632568,6.639999866485596,6.829999923706055,254000,0.0,0.0
2020-06-24 00:00:00-04:00,6.800000190734863,6.820000171661377,6.460000038146973,6.599999904632568,163600,0.0,0.0
2020-06-25 00:00:00-04:00,6.639999866485596,6.809999942779541,6.349999904632568,6.699999809265137,217100,0.0,0.0
2020-06-26 00:00:00-04:00,6.670000076293945,6.690000057220459,6.269999980926514,6.380000114440918,2096900,0.0,0.0
2020-06-29 00:00:00-04:00,6.429999828338623,6.429999828338623,5.75,6.050000190734863,252000,0.0,0.0
2020-06-30 00:00:00-04:00,6.010000228881836,6.239999771118164,5.800000190734863,6.079999923706055,117600,0.0,0.0
2020-07-01 00:00:00-04:00,6.090000152587891,6.309999942779541,5.75,5.789999961853027,74200,0.0,0.0
2020-07-02 00:00:00-04:00,5.849999904632568,6.159999847412109,5.809999942779541,5.900000095367432,109600,0.0,0.0
2020-07-06 00:00:00-04:00,6.010000228881836,6.139999866485596,5.739999771118164,5.940000057220459,89100,0.0,0.0
2020-07-07 00:00:00-04:00,5.880000114440918,6.0,5.639999866485596,5.949999809265137,74100,0.0,0.0
2020-07-08 00:00:00-04:00,5.949999809265137,6.039999961853027,5.739999771118164,5.96999979019165,85100,0.0,0.0
2020-07-09 00:00:00-04:00,6.0,6.380000114440918,5.619999885559082,5.670000076293945,98300,0.0,0.0
2020-07-10 00:00:00-04:00,5.699999809265137,5.769999980926514,5.550000190734863,5.760000228881836,57500,0.0,0.0
2020-07-13 00:00:00-04:00,6.239999771118164,6.28000020980835,5.53000020980835,5.639999866485596,111100,0.0,0.0
2020-07-14 00:00:00-04:00,5.659999847412109,5.809999942779541,5.53000020980835,5.809999942779541,35000,0.0,0.0
2020-07-15 00:00:00-04:00,5.900000095367432,6.150000095367432,5.78000020980835,5.989999771118164,111000,0.0,0.0
2020-07-16 00:00:00-04:00,6.0,6.050000190734863,5.739999771118164,5.78000020980835,42500,0.0,0.0
2020-07-17 00:00:00-04:00,5.809999942779541,6.090000152587891,5.800000190734863,5.940000057220459,36800,0.0,0.0
2020-07-20 00:00:00-04:00,5.949999809265137,6.0,5.849999904632568,5.949999809265137,31600,0.0,0.0
2020-07-21 00:00:00-04:00,6.0,6.0,5.75,5.789999961853027,38900,0.0,0.0
2020-07-22 00:00:00-04:00,5.769999980926514,5.829999923706055,5.349999904632568,5.639999866485596,78500,0.0,0.0
2020-07-23 00:00:00-04:00,5.619999885559082,5.75,5.440000057220459,5.639999866485596,58200,0.0,0.0
2020-07-24 00:00:00-04:00,5.599999904632568,5.739999771118164,5.369999885559082,5.550000190734863,70000,0.0,0.0
2020-07-27 00:00:00-04:00,5.570000171661377,5.75,5.340000152587891,5.75,62200,0.0,0.0
2020-07-28 00:00:00-04:00,5.690000057220459,5.71999979019165,5.409999847412109,5.489999771118164,58200,0.0,0.0
2020-07-29 00:00:00-04:00,5.510000228881836,5.550000190734863,5.28000020980835,5.519999980926514,75100,0.0,0.0
2020-07-30 00:00:00-04:00,5.440000057220459,5.78000020980835,5.170000076293945,5.519999980926514,54400,0.0,0.0
2020-07-31 00:00:00-04:00,5.510000228881836,5.610000133514404,5.329999923706055,5.519999980926514,63100,0.0,0.0
2020-08-03 00:00:00-04:00,5.5,5.699999809265137,5.369999885559082,5.400000095367432,45700,0.0,0.0
2020-08-04 00:00:00-04:00,5.409999847412109,5.519999980926514,5.260000228881836,5.449999809265137,62400,0.0,0.0
2020-08-05 00:00:00-04:00,5.539999961853027,5.619999885559082,5.460000038146973,5.559999942779541,24700,0.0,0.0
2020-08-06 00:00:00-04:00,5.590000152587891,5.599999904632568,5.360000133514404,5.460000038146973,22700,0.0,0.0
2020-08-07 00:00:00-04:00,5.460000038146973,5.699999809265137,5.380000114440918,5.599999904632568,27700,0.0,0.0
2020-08-10 00:00:00-04:00,5.71999979019165,5.829999923706055,5.630000114440918,5.739999771118164,30100,0.0,0.0
2020-08-11 00:00:00-04:00,5.659999847412109,5.78000020980835,5.480000019073486,5.599999904632568,58900,0.0,0.0
2020-08-12 00:00:00-04:00,5.679999828338623,5.789999961853027,5.570000171661377,5.739999771118164,58200,0.0,0.0
2020-08-13 00:00:00-04:00,5.75,5.820000171661377,5.659999847412109,5.710000038146973,24800,0.0,0.0
2020-08-14 00:00:00-04:00,5.679999828338623,5.75,5.539999961853027,5.679999828338623,25000,0.0,0.0
2020-08-17 00:00:00-04:00,5.699999809265137,6.019999980926514,5.639999866485596,5.96999979019165,43700,0.0,0.0
2020-08-18 00:00:00-04:00,6.050000190734863,6.099999904632568,5.820000171661377,5.949999809265137,36500,0.0,0.0
2020-08-19 00:00:00-04:00,5.949999809265137,5.980000019073486,5.619999885559082,5.690000057220459,22400,0.0,0.0
2020-08-20 00:00:00-04:00,5.699999809265137,6.099999904632568,5.409999847412109,5.650000095367432,58700,0.0,0.0
2020-08-21 00:00:00-04:00,5.579999923706055,5.650000095367432,5.210000038146973,5.320000171661377,67000,0.0,0.0
2020-08-24 00:00:00-04:00,5.360000133514404,5.480000019073486,5.099999904632568,5.179999828338623,42500,0.0,0.0
2020-08-25 00:00:00-04:00,5.21999979019165,5.610000133514404,5.119999885559082,5.440000057220459,17000,0.0,0.0
2020-08-26 00:00:00-04:00,5.400000095367432,5.5,5.309999942779541,5.389999866485596,42600,0.0,0.0
2020-08-27 00:00:00-04:00,5.340000152587891,5.46999979019165,5.139999866485596,5.21999979019165,68400,0.0,0.0
2020-08-28 00:00:00-04:00,5.130000114440918,5.300000190734863,5.090000152587891,5.239999771118164,40400,0.0,0.0
2020-08-31 00:00:00-04:00,5.260000228881836,5.440000057220459,5.139999866485596,5.269999980926514,74000,0.0,0.0
2020-09-01 00:00:00-04:00,5.269999980926514,5.349999904632568,5.039999961853027,5.150000095367432,30300,0.0,0.0
2020-09-02 00:00:00-04:00,5.090000152587891,5.150000095367432,5.010000228881836,5.099999904632568,59900,0.0,0.0
2020-09-03 00:00:00-04:00,5.059999942779541,5.099999904632568,4.760000228881836,4.920000076293945,43000,0.0,0.0
2020-09-04 00:00:00-04:00,4.96999979019165,5.119999885559082,4.619999885559082,4.96999979019165,36800,0.0,0.0
2020-09-08 00:00:00-04:00,4.960000038146973,5.110000133514404,4.909999847412109,4.960000038146973,24900,0.0,0.0
2020-09-09 00:00:00-04:00,5.059999942779541,5.130000114440918,4.96999979019165,4.96999979019165,33500,0.0,0.0
2020-09-10 00:00:00-04:00,4.920000076293945,4.980000019073486,4.800000190734863,4.849999904632568,27400,0.0,0.0
2020-09-11 00:00:00-04:00,4.920000076293945,5.090000152587891,4.849999904632568,4.949999809265137,23600,0.0,0.0
2020-09-14 00:00:00-04:00,4.949999809265137,5.110000133514404,4.849999904632568,5.010000228881836,36500,0.0,0.0
2020-09-15 00:00:00-04:00,5.03000020980835,5.050000190734863,4.880000114440918,4.960000038146973,17900,0.0,0.0
2020-09-16 00:00:00-04:00,4.960000038146973,4.960000038146973,4.699999809265137,4.75,49400,0.0,0.0
2020-09-17 00:00:00-04:00,4.650000095367432,4.889999866485596,4.630000114440918,4.789999961853027,30400,0.0,0.0
2020-09-18 00:00:00-04:00,4.800000190734863,5.639999866485596,4.619999885559082,5.360000133514404,316500,0.0,0.0
2020-09-21 00:00:00-04:00,5.260000228881836,6.079999923706055,4.869999885559082,4.949999809265137,90600,0.0,0.0
2020-09-22 00:00:00-04:00,4.960000038146973,5.260000228881836,4.960000038146973,5.019999980926514,48300,0.0,0.0
2020-09-23 00:00:00-04:00,5.079999923706055,5.489999771118164,4.71999979019165,4.769999980926514,33100,0.0,0.0
2020-09-24 00:00:00-04:00,4.789999961853027,5.210000038146973,4.650000095367432,4.78000020980835,68100,0.0,0.0
2020-09-25 00:00:00-04:00,5.019999980926514,5.110000133514404,4.760000228881836,5.0,35500,0.0,0.0
2020-09-28 00:00:00-04:00,5.03000020980835,5.130000114440918,4.880000114440918,4.989999771118164,21500,0.0,0.0
2020-09-29 00:00:00-04:00,5.340000152587891,5.340000152587891,4.820000171661377,4.980000019073486,57600,0.0,0.0
2020-09-30 00:00:00-04:00,4.949999809265137,5.239999771118164,4.949999809265137,5.039999961853027,39100,0.0,0.0
2020-10-01 00:00:00-04:00,4.960000038146973,5.110000133514404,4.889999866485596,4.989999771118164,45800,0.0,0.0
2020-10-02 00:00:00-04:00,4.920000076293945,5.090000152587891,4.809999942779541,5.03000020980835,58600,0.0,0.0
2020-10-05 00:00:00-04:00,5.03000020980835,5.400000095367432,5.03000020980835,5.21999979019165,64500,0.0,0.0
2020-10-06 00:00:00-04:00,5.21999979019165,5.409999847412109,5.03000020980835,5.03000020980835,26300,0.0,0.0
2020-10-07 00:00:00-04:00,5.119999885559082,5.150000095367432,5.070000171661377,5.150000095367432,21800,0.0,0.0
2020-10-08 00:00:00-04:00,5.170000076293945,5.360000133514404,5.110000133514404,5.269999980926514,25700,0.0,0.0
2020-10-09 00:00:00-04:00,5.329999923706055,5.820000171661377,5.239999771118164,5.630000114440918,74700,0.0,0.0
2020-10-12 00:00:00-04:00,5.599999904632568,5.599999904632568,5.449999809265137,5.53000020980835,15200,0.0,0.0
2020-10-13 00:00:00-04:00,5.46999979019165,5.46999979019165,5.239999771118164,5.409999847412109,21600,0.0,0.0
2020-10-14 00:00:00-04:00,5.46999979019165,5.46999979019165,5.230000019073486,5.260000228881836,17900,0.0,0.0
2020-10-15 00:00:00-04:00,5.190000057220459,5.25,5.050000190734863,5.199999809265137,11900,0.0,0.0
2020-10-16 00:00:00-04:00,5.139999866485596,5.269999980926514,4.840000152587891,4.940000057220459,243600,0.0,0.0
2020-10-19 00:00:00-04:00,4.989999771118164,5.230000019073486,4.940000057220459,4.96999979019165,16900,0.0,0.0
2020-10-20 00:00:00-04:00,5.059999942779541,5.059999942779541,4.949999809265137,5.039999961853027,17300,0.0,0.0
2020-10-21 00:00:00-04:00,5.039999961853027,5.039999961853027,4.809999942779541,4.989999771118164,27900,0.0,0.0
2020-10-22 00:00:00-04:00,5.0,5.130000114440918,4.940000057220459,4.980000019073486,33100,0.0,0.0
2020-10-23 00:00:00-04:00,4.960000038146973,5.050000190734863,4.960000038146973,4.989999771118164,12100,0.0,0.0
2020-10-26 00:00:00-04:00,5.0,5.050000190734863,4.829999923706055,4.920000076293945,21300,0.0,0.0
2020-10-27 00:00:00-04:00,4.880000114440918,4.880000114440918,4.679999828338623,4.679999828338623,23200,0.0,0.0
2020-10-28 00:00:00-04:00,4.599999904632568,4.639999866485596,4.449999809265137,4.46999979019165,49100,0.0,0.0
2020-10-29 00:00:00-04:00,4.460000038146973,4.699999809265137,4.360000133514404,4.659999847412109,30500,0.0,0.0
2020-10-30 00:00:00-04:00,4.650000095367432,4.650000095367432,4.480000019073486,4.53000020980835,16300,0.0,0.0
2020-11-02 00:00:00-05:00,4.590000152587891,4.639999866485596,4.480000019073486,4.559999942779541,17800,0.0,0.0
2020-11-03 00:00:00-05:00,4.659999847412109,4.769999980926514,4.590000152587891,4.760000228881836,32100,0.0,0.0
2020-11-04 00:00:00-05:00,4.679999828338623,4.760000228881836,4.639999866485596,4.710000038146973,5900,0.0,0.0
2020-11-05 00:00:00-05:00,4.71999979019165,4.760000228881836,4.300000190734863,4.650000095367432,20400,0.0,0.0
2020-11-06 00:00:00-05:00,4.710000038146973,4.710000038146973,4.489999771118164,4.489999771118164,22500,0.0,0.0
2020-11-09 00:00:00-05:00,4.929999828338623,5.03000020980835,4.619999885559082,4.619999885559082,40700,0.0,0.0
2020-11-10 00:00:00-05:00,4.690000057220459,4.949999809265137,4.690000057220459,4.880000114440918,47500,0.0,0.0
2020-11-11 00:00:00-05:00,4.880000114440918,4.909999847412109,4.78000020980835,4.909999847412109,14400,0.0,0.0
2020-11-12 00:00:00-05:00,4.840000152587891,4.96999979019165,4.71999979019165,4.880000114440918,26100,0.0,0.0
2020-11-13 00:00:00-05:00,4.960000038146973,5.099999904632568,4.800000190734863,4.860000133514404,37000,0.0,0.0
2020-11-16 00:00:00-05:00,4.909999847412109,5.179999828338623,4.889999866485596,5.010000228881836,48900,0.0,0.0
2020-11-17 00:00:00-05:00,4.900000095367432,5.150000095367432,4.869999885559082,4.949999809265137,79400,0.0,0.0
2020-11-18 00:00:00-05:00,4.889999866485596,5.010000228881836,4.730000019073486,4.730000019073486,28000,0.0,0.0
2020-11-19 00:00:00-05:00,4.639999866485596,4.769999980926514,4.539999961853027,4.699999809265137,20700,0.0,0.0
2020-11-20 00:00:00-05:00,4.610000133514404,4.789999961853027,4.550000190734863,4.730000019073486,21300,0.0,0.0
2020-11-23 00:00:00-05:00,4.75,4.889999866485596,4.539999961853027,4.769999980926514,42700,0.0,0.0
2020-11-24 00:00:00-05:00,4.920000076293945,4.96999979019165,4.570000171661377,4.900000095367432,51100,0.0,0.0
2020-11-25 00:00:00-05:00,4.829999923706055,4.980000019073486,4.699999809265137,4.860000133514404,17100,0.0,0.0
2020-11-27 00:00:00-05:00,4.929999828338623,4.989999771118164,4.880000114440918,4.949999809265137,13100,0.0,0.0
2020-11-30 00:00:00-05:00,4.949999809265137,4.949999809265137,4.789999961853027,4.860000133514404,33400,0.0,0.0
2020-12-01 00:00:00-05:00,4.869999885559082,4.940000057220459,4.570000171661377,4.619999885559082,41400,0.0,0.0
2020-12-02 00:00:00-05:00,4.570000171661377,4.630000114440918,4.400000095367432,4.400000095367432,23500,0.0,0.0
2020-12-03 00:00:00-05:00,4.460000038146973,4.599999904632568,4.429999828338623,4.480000019073486,37100,0.0,0.0
2020-12-04 00:00:00-05:00,4.510000228881836,4.650000095367432,4.440000057220459,4.570000171661377,40700,0.0,0.0
2020-12-07 00:00:00-05:00,4.559999942779541,4.579999923706055,4.409999847412109,4.429999828338623,57800,0.0,0.0
2020-12-08 00:00:00-05:00,4.400000095367432,4.599999904632568,4.309999942779541,4.559999942779541,65100,0.0,0.0
2020-12-09 00:00:00-05:00,4.590000152587891,4.699999809265137,4.320000171661377,4.440000057220459,148100,0.0,0.0
2020-12-10 00:00:00-05:00,4.369999885559082,4.590000152587891,4.369999885559082,4.480000019073486,33100,0.0,0.0
2020-12-11 00:00:00-05:00,4.489999771118164,4.989999771118164,4.489999771118164,4.880000114440918,66200,0.0,0.0
2020-12-14 00:00:00-05:00,4.880000114440918,5.170000076293945,4.679999828338623,4.71999979019165,66200,0.0,0.0
2020-12-15 00:00:00-05:00,4.789999961853027,4.96999979019165,4.619999885559082,4.760000228881836,29100,0.0,0.0
2020-12-16 00:00:00-05:00,4.739999771118164,4.849999904632568,4.599999904632568,4.599999904632568,40400,0.0,0.0
2020-12-17 00:00:00-05:00,4.650000095367432,4.840000152587891,4.460000038146973,4.710000038146973,154000,0.0,0.0
2020-12-18 00:00:00-05:00,4.650000095367432,4.78000020980835,4.5,4.5,213400,0.0,0.0
2020-12-21 00:00:00-05:00,4.489999771118164,4.699999809265137,4.429999828338623,4.599999904632568,53400,0.0,0.0
2020-12-22 00:00:00-05:00,4.619999885559082,4.980000019073486,4.619999885559082,4.71999979019165,110000,0.0,0.0
2020-12-23 00:00:00-05:00,4.809999942779541,4.96999979019165,4.75,4.849999904632568,87000,0.0,0.0
2020-12-24 00:00:00-05:00,4.809999942779541,4.940000057220459,4.800000190734863,4.849999904632568,15500,0.0,0.0
2020-12-28 00:00:00-05:00,4.849999904632568,4.849999904632568,4.659999847412109,4.730000019073486,30600,0.0,0.0
2020-12-29 00:00:00-05:00,4.820000171661377,4.860000133514404,4.659999847412109,4.730000019073486,48100,0.0,0.0
2020-12-30 00:00:00-05:00,4.730000019073486,4.730000019073486,4.449999809265137,4.550000190734863,117000,0.0,0.0
2020-12-31 00:00:00-05:00,4.510000228881836,4.659999847412109,4.400000095367432,4.5,111200,0.0,0.0
2021-01-04 00:00:00-05:00,4.510000228881836,5.039999961853027,4.409999847412109,4.769999980926514,108200,0.0,0.0
2021-01-05 00:00:00-05:00,4.800000190734863,5.110000133514404,4.679999828338623,4.920000076293945,59100,0.0,0.0
2021-01-06 00:00:00-05:00,5.0,5.269999980926514,4.96999979019165,5.0,68200,0.0,0.0
2021-01-07 00:00:00-05:00,5.03000020980835,5.110000133514404,4.78000020980835,4.889999866485596,107700,0.0,0.0
2021-01-08 00:00:00-05:00,4.869999885559082,5.230000019073486,4.690000057220459,4.929999828338623,69500,0.0,0.0
2021-01-11 00:00:00-05:00,4.869999885559082,5.170000076293945,4.820000171661377,5.099999904632568,60600,0.0,0.0
2021-01-12 00:00:00-05:00,5.090000152587891,5.380000114440918,5.050000190734863,5.179999828338623,68400,0.0,0.0
2021-01-13 00:00:00-05:00,5.159999847412109,5.25,5.079999923706055,5.139999866485596,186700,0.0,0.0
2021-01-14 00:00:00-05:00,5.170000076293945,5.230000019073486,4.949999809265137,5.119999885559082,81500,0.0,0.0
2021-01-15 00:00:00-05:00,5.099999904632568,5.300000190734863,5.03000020980835,5.190000057220459,39800,0.0,0.0
2021-01-19 00:00:00-05:00,5.300000190734863,8.0,5.300000190734863,5.909999847412109,1773400,0.0,0.0
2021-01-20 00:00:00-05:00,6.010000228881836,6.349999904632568,5.260000228881836,5.409999847412109,491000,0.0,0.0
2021-01-21 00:00:00-05:00,5.5,6.900000095367432,5.5,6.329999923706055,339300,0.0,0.0
2021-01-22 00:00:00-05:00,6.329999923706055,6.579999923706055,6.03000020980835,6.360000133514404,96600,0.0,0.0
2021-01-25 00:00:00-05:00,6.429999828338623,6.78000020980835,6.199999809265137,6.71999979019165,128300,0.0,0.0
2021-01-26 00:00:00-05:00,6.699999809265137,7.0,6.309999942779541,6.690000057220459,218800,0.0,0.0
2021-01-27 00:00:00-05:00,7.0,7.25,6.28000020980835,6.539999961853027,233800,0.0,0.0
2021-01-28 00:00:00-05:00,6.320000171661377,6.679999828338623,6.199999809265137,6.25,134800,0.0,0.0
2021-01-29 00:00:00-05:00,6.309999942779541,6.579999923706055,6.019999980926514,6.510000228881836,151600,0.0,0.0
2021-02-01 00:00:00-05:00,6.5,6.960000038146973,6.440000057220459,6.800000190734863,91100,0.0,0.0
2021-02-02 00:00:00-05:00,6.889999866485596,6.909999847412109,6.630000114440918,6.829999923706055,90900,0.0,0.0
2021-02-03 00:00:00-05:00,6.769999980926514,6.989999771118164,6.710000038146973,6.960000038146973,88100,0.0,0.0
2021-02-04 00:00:00-05:00,6.96999979019165,7.349999904632568,6.880000114440918,7.119999885559082,104100,0.0,0.0
2021-02-05 00:00:00-05:00,7.119999885559082,7.289999961853027,6.800000190734863,6.900000095367432,85600,0.0,0.0
2021-02-08 00:00:00-05:00,6.920000076293945,7.230000019073486,6.900000095367432,6.96999979019165,142000,0.0,0.0
2021-02-09 00:00:00-05:00,7.039999961853027,7.099999904632568,6.659999847412109,6.849999904632568,76200,0.0,0.0
2021-02-10 00:00:00-05:00,6.829999923706055,7.260000228881836,6.710000038146973,6.730000019073486,94400,0.0,0.0
2021-02-11 00:00:00-05:00,6.769999980926514,6.900000095367432,6.570000171661377,6.659999847412109,84200,0.0,0.0
2021-02-12 00:00:00-05:00,6.619999885559082,6.710000038146973,6.5,6.590000152587891,100100,0.0,0.0
2021-02-16 00:00:00-05:00,7.150000095367432,7.980000019073486,6.989999771118164,7.0,514700,0.0,0.0
2021-02-17 00:00:00-05:00,7.0,7.210000038146973,6.860000133514404,7.019999980926514,228100,0.0,0.0
2021-02-18 00:00:00-05:00,7.019999980926514,7.25,6.550000190734863,7.090000152587891,237100,0.0,0.0
2021-02-19 00:00:00-05:00,7.289999961853027,7.289999961853027,6.860000133514404,6.960000038146973,125200,0.0,0.0
2021-02-22 00:00:00-05:00,7.0,7.320000171661377,6.849999904632568,6.849999904632568,156200,0.0,0.0
2021-02-23 00:00:00-05:00,6.860000133514404,7.179999828338623,6.650000095367432,7.0,178300,0.0,0.0
2021-02-24 00:00:00-05:00,7.0,7.28000020980835,6.980000019073486,7.099999904632568,87200,0.0,0.0
2021-02-25 00:00:00-05:00,7.099999904632568,7.190000057220459,6.849999904632568,6.889999866485596,91800,0.0,0.0
2021-02-26 00:00:00-05:00,7.0,7.019999980926514,6.650000095367432,6.690000057220459,171000,0.0,0.0
2021-03-01 00:00:00-05:00,6.840000152587891,7.190000057220459,6.800000190734863,7.050000190734863,104200,0.0,0.0
2021-03-02 00:00:00-05:00,7.010000228881836,7.25,7.0,7.070000171661377,46600,0.0,0.0
2021-03-03 00:00:00-05:00,7.0,7.210000038146973,6.889999866485596,7.150000095367432,73100,0.0,0.0
2021-03-04 00:00:00-05:00,7.050000190734863,7.349999904632568,6.980000019073486,7.039999961853027,162100,0.0,0.0
2021-03-05 00:00:00-05:00,7.099999904632568,7.230000019073486,6.800000190734863,7.170000076293945,150900,0.0,0.0
2021-03-08 00:00:00-05:00,7.230000019073486,7.599999904632568,7.039999961853027,7.260000228881836,167900,0.0,0.0
2021-03-09 00:00:00-05:00,7.5,8.180000305175781,7.389999866485596,7.510000228881836,561600,0.0,0.0
2021-03-10 00:00:00-05:00,7.570000171661377,7.909999847412109,7.570000171661377,7.679999828338623,211400,0.0,0.0
2021-03-11 00:00:00-05:00,7.760000228881836,8.1899995803833,7.730000019073486,7.980000019073486,346000,0.0,0.0
2021-03-12 00:00:00-05:00,7.989999771118164,8.300000190734863,7.75,8.079999923706055,238100,0.0,0.0
2021-03-15 00:00:00-04:00,8.100000381469727,8.149999618530273,7.679999828338623,7.889999866485596,162800,0.0,0.0
2021-03-16 00:00:00-04:00,7.840000152587891,8.0600004196167,7.519999980926514,7.989999771118164,123300,0.0,0.0
2021-03-17 00:00:00-04:00,7.929999828338623,7.929999828338623,7.559999942779541,7.860000133514404,113800,0.0,0.0
2021-03-18 00:00:00-04:00,7.739999771118164,7.769999980926514,7.0,7.050000190734863,287200,0.0,0.0
2021-03-19 00:00:00-04:00,7.059999942779541,7.190000057220459,6.96999979019165,7.059999942779541,240400,0.0,0.0
2021-03-22 00:00:00-04:00,7.130000114440918,7.28000020980835,6.78000020980835,7.079999923706055,163100,0.0,0.0
2021-03-23 00:00:00-04:00,6.980000019073486,7.079999923706055,6.46999979019165,6.519999980926514,146600,0.0,0.0
2021-03-24 00:00:00-04:00,6.630000114440918,6.630000114440918,6.050000190734863,6.050000190734863,164400,0.0,0.0
2021-03-25 00:00:00-04:00,6.0,6.059999942779541,5.449999809265137,5.639999866485596,338100,0.0,0.0
2021-03-26 00:00:00-04:00,5.71999979019165,5.800000190734863,5.449999809265137,5.570000171661377,140600,0.0,0.0
2021-03-29 00:00:00-04:00,5.579999923706055,5.929999828338623,5.449999809265137,5.480000019073486,171500,0.0,0.0
2021-03-30 00:00:00-04:00,5.53000020980835,5.690000057220459,5.300000190734863,5.550000190734863,146700,0.0,0.0
2021-03-31 00:00:00-04:00,5.559999942779541,5.789999961853027,5.519999980926514,5.730000019073486,99300,0.0,0.0
2021-04-01 00:00:00-04:00,5.789999961853027,6.039999961853027,5.710000038146973,5.78000020980835,58100,0.0,0.0
2021-04-05 00:00:00-04:00,5.829999923706055,6.070000171661377,5.630000114440918,5.880000114440918,108700,0.0,0.0
2021-04-06 00:00:00-04:00,5.880000114440918,5.96999979019165,5.539999961853027,5.570000171661377,65200,0.0,0.0
2021-04-07 00:00:00-04:00,5.570000171661377,5.699999809265137,5.300000190734863,5.360000133514404,78200,0.0,0.0
2021-04-08 00:00:00-04:00,5.369999885559082,5.5,5.289999961853027,5.480000019073486,74200,0.0,0.0
2021-04-09 00:00:00-04:00,5.420000076293945,5.420000076293945,5.260000228881836,5.329999923706055,89900,0.0,0.0
2021-04-12 00:00:00-04:00,5.349999904632568,5.360000133514404,5.150000095367432,5.21999979019165,77900,0.0,0.0
2021-04-13 00:00:00-04:00,5.230000019073486,5.46999979019165,5.150000095367432,5.340000152587891,96000,0.0,0.0
2021-04-14 00:00:00-04:00,5.300000190734863,5.550000190734863,5.199999809265137,5.28000020980835,45500,0.0,0.0
2021-04-15 00:00:00-04:00,5.320000171661377,5.5,5.159999847412109,5.199999809265137,63400,0.0,0.0
2021-04-16 00:00:00-04:00,5.260000228881836,5.260000228881836,5.019999980926514,5.139999866485596,78400,0.0,0.0
2021-04-19 00:00:00-04:00,5.179999828338623,5.300000190734863,5.010000228881836,5.050000190734863,113800,0.0,0.0
2021-04-20 00:00:00-04:00,5.090000152587891,5.199999809265137,5.010000228881836,5.070000171661377,68200,0.0,0.0
2021-04-21 00:00:00-04:00,5.03000020980835,5.28000020980835,5.03000020980835,5.210000038146973,80700,0.0,0.0
2021-04-22 00:00:00-04:00,5.269999980926514,5.349999904632568,5.03000020980835,5.039999961853027,88300,0.0,0.0
2021-04-23 00:00:00-04:00,5.059999942779541,5.260000228881836,5.039999961853027,5.170000076293945,90100,0.0,0.0
2021-04-26 00:00:00-04:00,5.170000076293945,5.360000133514404,5.010000228881836,5.059999942779541,141000,0.0,0.0
2021-04-27 00:00:00-04:00,5.110000133514404,5.139999866485596,4.820000171661377,4.920000076293945,189100,0.0,0.0
2021-04-28 00:00:00-04:00,4.960000038146973,5.050000190734863,4.820000171661377,4.860000133514404,114300,0.0,0.0
2021-04-29 00:00:00-04:00,4.920000076293945,5.050000190734863,4.659999847412109,4.710000038146973,90700,0.0,0.0
2021-04-30 00:00:00-04:00,4.659999847412109,5.019999980926514,4.610000133514404,4.690000057220459,133000,0.0,0.0
2021-05-03 00:00:00-04:00,4.690000057220459,4.800000190734863,4.559999942779541,4.619999885559082,82000,0.0,0.0
2021-05-04 00:00:00-04:00,4.610000133514404,4.650000095367432,4.449999809265137,4.559999942779541,106200,0.0,0.0
2021-05-05 00:00:00-04:00,4.539999961853027,4.659999847412109,4.420000076293945,4.480000019073486,147700,0.0,0.0
2021-05-06 00:00:00-04:00,5.710000038146973,6.46999979019165,4.409999847412109,4.550000190734863,3029500,0.0,0.0
2021-05-07 00:00:00-04:00,5.510000228881836,5.909999847412109,4.909999847412109,5.659999847412109,15059200,0.0,0.0
2021-05-10 00:00:00-04:00,5.519999980926514,5.570000171661377,4.809999942779541,4.909999847412109,801000,0.0,0.0
2021-05-11 00:00:00-04:00,4.699999809265137,4.739999771118164,4.46999979019165,4.53000020980835,522900,0.0,0.0
2021-05-12 00:00:00-04:00,4.5,4.630000114440918,4.159999847412109,4.190000057220459,495200,0.0,0.0
2021-05-13 00:00:00-04:00,4.25,4.619999885559082,4.139999866485596,4.409999847412109,470200,0.0,0.0
2021-05-14 00:00:00-04:00,4.480000019073486,5.110000133514404,4.420000076293945,5.059999942779541,286400,0.0,0.0
2021-05-17 00:00:00-04:00,4.96999979019165,5.070000171661377,4.800000190734863,4.860000133514404,151600,0.0,0.0
2021-05-18 00:00:00-04:00,4.880000114440918,5.010000228881836,4.800000190734863,4.829999923706055,105600,0.0,0.0
2021-05-19 00:00:00-04:00,4.699999809265137,4.889999866485596,4.599999904632568,4.840000152587891,93800,0.0,0.0
2021-05-20 00:00:00-04:00,4.860000133514404,5.0,4.769999980926514,4.96999979019165,222700,0.0,0.0
2021-05-21 00:00:00-04:00,5.039999961853027,5.239999771118164,4.880000114440918,5.170000076293945,300100,0.0,0.0
2021-05-24 00:00:00-04:00,5.210000038146973,5.239999771118164,4.800000190734863,4.829999923706055,136800,0.0,0.0
2021-05-25 00:00:00-04:00,4.900000095367432,4.900000095367432,4.550000190734863,4.599999904632568,155700,0.0,0.0
2021-05-26 00:00:00-04:00,4.599999904632568,4.75,4.480000019073486,4.710000038146973,220700,0.0,0.0
2021-05-27 00:00:00-04:00,4.75,4.769999980926514,4.519999980926514,4.639999866485596,140300,0.0,0.0
2021-05-28 00:00:00-04:00,4.730000019073486,4.900000095367432,4.659999847412109,4.829999923706055,85800,0.0,0.0
2021-06-01 00:00:00-04:00,4.889999866485596,5.010000228881836,4.809999942779541,4.929999828338623,116200,0.0,0.0
2021-06-02 00:00:00-04:00,4.929999828338623,5.179999828338623,4.900000095367432,5.0,165500,0.0,0.0
2021-06-03 00:00:00-04:00,5.0,5.090000152587891,4.920000076293945,5.090000152587891,136100,0.0,0.0
2021-06-04 00:00:00-04:00,5.110000133514404,5.849999904632568,5.059999942779541,5.650000095367432,329900,0.0,0.0
2021-06-07 00:00:00-04:00,5.630000114440918,5.630000114440918,5.110000133514404,5.179999828338623,343500,0.0,0.0
2021-06-08 00:00:00-04:00,5.199999809265137,5.360000133514404,5.0,5.039999961853027,140800,0.0,0.0
2021-06-09 00:00:00-04:00,5.059999942779541,5.25,5.039999961853027,5.119999885559082,101300,0.0,0.0
2021-06-10 00:00:00-04:00,5.190000057220459,5.590000152587891,5.190000057220459,5.570000171661377,167300,0.0,0.0
2021-06-11 00:00:00-04:00,5.630000114440918,5.630000114440918,5.289999961853027,5.46999979019165,105400,0.0,0.0
2021-06-14 00:00:00-04:00,5.440000057220459,5.460000038146973,5.210000038146973,5.239999771118164,86900,0.0,0.0
2021-06-15 00:00:00-04:00,5.230000019073486,5.309999942779541,5.090000152587891,5.190000057220459,147400,0.0,0.0
2021-06-16 00:00:00-04:00,5.159999847412109,5.210000038146973,4.820000171661377,4.929999828338623,170200,0.0,0.0
2021-06-17 00:00:00-04:00,4.940000057220459,5.090000152587891,4.869999885559082,4.869999885559082,121300,0.0,0.0
2021-06-18 00:00:00-04:00,4.820000171661377,5.0,4.730000019073486,4.880000114440918,417300,0.0,0.0
2021-06-21 00:00:00-04:00,4.920000076293945,5.03000020980835,4.71999979019165,4.71999979019165,163600,0.0,0.0
2021-06-22 00:00:00-04:00,4.760000228881836,4.809999942779541,4.599999904632568,4.630000114440918,162700,0.0,0.0
2021-06-23 00:00:00-04:00,4.630000114440918,4.96999979019165,4.630000114440918,4.900000095367432,181400,0.0,0.0
2021-06-24 00:00:00-04:00,4.880000114440918,5.300000190734863,4.809999942779541,5.269999980926514,230900,0.0,0.0
2021-06-25 00:00:00-04:00,5.21999979019165,5.420000076293945,5.039999961853027,5.380000114440918,2421900,0.0,0.0
2021-06-28 00:00:00-04:00,5.389999866485596,5.489999771118164,5.199999809265137,5.320000171661377,79800,0.0,0.0
2021-06-29 00:00:00-04:00,5.320000171661377,5.340000152587891,5.119999885559082,5.170000076293945,54500,0.0,0.0
2021-06-30 00:00:00-04:00,5.110000133514404,5.199999809265137,5.03000020980835,5.070000171661377,57500,0.0,0.0
2021-07-01 00:00:00-04:00,5.059999942779541,5.079999923706055,4.900000095367432,4.929999828338623,61100,0.0,0.0
2021-07-02 00:00:00-04:00,4.989999771118164,5.03000020980835,4.900000095367432,5.0,61600,0.0,0.0
2021-07-06 00:00:00-04:00,5.059999942779541,5.099999904632568,4.75,4.829999923706055,94500,0.0,0.0
2021-07-07 00:00:00-04:00,4.860000133514404,4.869999885559082,4.599999904632568,4.690000057220459,113200,0.0,0.0
2021-07-08 00:00:00-04:00,4.599999904632568,4.840000152587891,4.590000152587891,4.769999980926514,71500,0.0,0.0
2021-07-09 00:00:00-04:00,4.829999923706055,4.949999809265137,4.760000228881836,4.889999866485596,65700,0.0,0.0
2021-07-12 00:00:00-04:00,4.940000057220459,5.0,4.820000171661377,4.880000114440918,77700,0.0,0.0
2021-07-13 00:00:00-04:00,4.900000095367432,4.989999771118164,4.809999942779541,4.889999866485596,57000,0.0,0.0
2021-07-14 00:00:00-04:00,4.900000095367432,4.980000019073486,4.71999979019165,4.78000020980835,60700,0.0,0.0
2021-07-15 00:00:00-04:00,4.78000020980835,4.880000114440918,4.710000038146973,4.800000190734863,31300,0.0,0.0
2021-07-16 00:00:00-04:00,4.900000095367432,4.900000095367432,4.710000038146973,4.71999979019165,59500,0.0,0.0
2021-07-19 00:00:00-04:00,4.78000020980835,4.809999942779541,4.559999942779541,4.599999904632568,78400,0.0,0.0
2021-07-20 00:00:00-04:00,4.559999942779541,4.929999828338623,4.559999942779541,4.860000133514404,67300,0.0,0.0
2021-07-21 00:00:00-04:00,4.929999828338623,5.110000133514404,4.849999904632568,5.070000171661377,56100,0.0,0.0
2021-07-22 00:00:00-04:00,5.070000171661377,5.349999904632568,4.980000019073486,5.289999961853027,63800,0.0,0.0
2021-07-23 00:00:00-04:00,5.300000190734863,5.300000190734863,4.960000038146973,5.119999885559082,66800,0.0,0.0
2021-07-26 00:00:00-04:00,5.110000133514404,5.119999885559082,4.880000114440918,4.909999847412109,28000,0.0,0.0
2021-07-27 00:00:00-04:00,4.829999923706055,4.849999904632568,4.760000228881836,4.78000020980835,30900,0.0,0.0
2021-07-28 00:00:00-04:00,4.900000095367432,5.0,4.800000190734863,4.989999771118164,17800,0.0,0.0
2021-07-29 00:00:00-04:00,5.0,5.03000020980835,4.900000095367432,4.920000076293945,73600,0.0,0.0
2021-07-30 00:00:00-04:00,4.920000076293945,4.940000057220459,4.849999904632568,4.900000095367432,32600,0.0,0.0
2021-08-02 00:00:00-04:00,4.949999809265137,5.050000190734863,4.889999866485596,5.019999980926514,48600,0.0,0.0
2021-08-03 00:00:00-04:00,4.989999771118164,5.03000020980835,4.880000114440918,5.010000228881836,51600,0.0,0.0
2021-08-04 00:00:00-04:00,5.050000190734863,5.150000095367432,5.0,5.099999904632568,78900,0.0,0.0
2021-08-05 00:00:00-04:00,5.21999979019165,5.489999771118164,5.170000076293945,5.28000020980835,163100,0.0,0.0
2021-08-06 00:00:00-04:00,5.349999904632568,5.349999904632568,5.019999980926514,5.28000020980835,49100,0.0,0.0
2021-08-09 00:00:00-04:00,5.21999979019165,5.349999904632568,5.099999904632568,5.170000076293945,60000,0.0,0.0
2021-08-10 00:00:00-04:00,5.150000095367432,5.170000076293945,4.949999809265137,5.130000114440918,57300,0.0,0.0
2021-08-11 00:00:00-04:00,5.130000114440918,5.480000019073486,5.039999961853027,5.440000057220459,187100,0.0,0.0
2021-08-12 00:00:00-04:00,5.480000019073486,5.480000019073486,5.0,5.159999847412109,99000,0.0,0.0
2021-08-13 00:00:00-04:00,5.130000114440918,5.230000019073486,5.050000190734863,5.159999847412109,33200,0.0,0.0
2021-08-16 00:00:00-04:00,5.130000114440918,5.210000038146973,5.0,5.010000228881836,68700,0.0,0.0
2021-08-17 00:00:00-04:00,5.0,5.190000057220459,4.909999847412109,4.980000019073486,78400,0.0,0.0
2021-08-18 00:00:00-04:00,5.010000228881836,5.170000076293945,4.949999809265137,5.070000171661377,16300,0.0,0.0
2021-08-19 00:00:00-04:00,5.090000152587891,5.090000152587891,4.940000057220459,4.960000038146973,23300,0.0,0.0
2021-08-20 00:00:00-04:00,4.96999979019165,5.139999866485596,4.960000038146973,5.03000020980835,38300,0.0,0.0
2021-08-23 00:00:00-04:00,5.079999923706055,5.139999866485596,4.960000038146973,5.070000171661377,43100,0.0,0.0
2021-08-24 00:00:00-04:00,5.139999866485596,5.190000057220459,5.010000228881836,5.139999866485596,41200,0.0,0.0
2021-08-25 00:00:00-04:00,5.150000095367432,5.210000038146973,5.059999942779541,5.119999885559082,61700,0.0,0.0
2021-08-26 00:00:00-04:00,5.119999885559082,5.199999809265137,5.090000152587891,5.179999828338623,28700,0.0,0.0
2021-08-27 00:00:00-04:00,5.179999828338623,5.429999828338623,5.130000114440918,5.28000020980835,144700,0.0,0.0
2021-08-30 00:00:00-04:00,5.289999961853027,5.320000171661377,5.150000095367432,5.199999809265137,42300,0.0,0.0
2021-08-31 00:00:00-04:00,5.159999847412109,5.400000095367432,5.159999847412109,5.349999904632568,66400,0.0,0.0
2021-09-01 00:00:00-04:00,5.309999942779541,5.400000095367432,5.210000038146973,5.210000038146973,67900,0.0,0.0
2021-09-02 00:00:00-04:00,5.25,5.329999923706055,5.110000133514404,5.159999847412109,47100,0.0,0.0
2021-09-03 00:00:00-04:00,5.119999885559082,5.289999961853027,5.050000190734863,5.099999904632568,31200,0.0,0.0
2021-09-07 00:00:00-04:00,5.079999923706055,5.269999980926514,5.059999942779541,5.199999809265137,22700,0.0,0.0
2021-09-08 00:00:00-04:00,5.190000057220459,5.210000038146973,5.010000228881836,5.110000133514404,27500,0.0,0.0
2021-09-09 00:00:00-04:00,5.380000114440918,5.429999828338623,5.099999904632568,5.179999828338623,124700,0.0,0.0
2021-09-10 00:00:00-04:00,5.210000038146973,5.21999979019165,5.010000228881836,5.059999942779541,32000,0.0,0.0
2021-09-13 00:00:00-04:00,5.039999961853027,5.079999923706055,5.0,5.019999980926514,118300,0.0,0.0
2021-09-14 00:00:00-04:00,5.019999980926514,5.099999904632568,4.900000095367432,4.980000019073486,48800,0.0,0.0
2021-09-15 00:00:00-04:00,5.03000020980835,5.03000020980835,4.900000095367432,4.960000038146973,25200,0.0,0.0
2021-09-16 00:00:00-04:00,4.949999809265137,5.010000228881836,4.849999904632568,5.010000228881836,15700,0.0,0.0
2021-09-17 00:00:00-04:00,4.980000019073486,5.079999923706055,4.880000114440918,5.079999923706055,46800,0.0,0.0
2021-09-20 00:00:00-04:00,4.960000038146973,5.179999828338623,4.849999904632568,4.920000076293945,44000,0.0,0.0
2021-09-21 00:00:00-04:00,4.929999828338623,5.0,4.869999885559082,4.940000057220459,17300,0.0,0.0
2021-09-22 00:00:00-04:00,4.940000057220459,5.079999923706055,4.860000133514404,5.079999923706055,35300,0.0,0.0
2021-09-23 00:00:00-04:00,5.050000190734863,5.050000190734863,4.960000038146973,5.0,18800,0.0,0.0
2021-09-24 00:00:00-04:00,5.010000228881836,5.050000190734863,4.920000076293945,4.949999809265137,16400,0.0,0.0
2021-09-27 00:00:00-04:00,4.949999809265137,5.050000190734863,4.889999866485596,5.019999980926514,32600,0.0,0.0
2021-09-28 00:00:00-04:00,4.96999979019165,5.050000190734863,4.849999904632568,4.880000114440918,20500,0.0,0.0
2021-09-29 00:00:00-04:00,4.909999847412109,5.0,4.699999809265137,4.760000228881836,29000,0.0,0.0
2021-09-30 00:00:00-04:00,4.730000019073486,4.949999809265137,4.730000019073486,4.949999809265137,15700,0.0,0.0
2021-10-01 00:00:00-04:00,5.0,5.0,4.760000228881836,4.900000095367432,29000,0.0,0.0
2021-10-04 00:00:00-04:00,4.880000114440918,4.880000114440918,4.699999809265137,4.699999809265137,59900,0.0,0.0
2021-10-05 00:00:00-04:00,4.71999979019165,4.769999980926514,4.710000038146973,4.769999980926514,20700,0.0,0.0
2021-10-06 00:00:00-04:00,4.699999809265137,4.96999979019165,4.699999809265137,4.789999961853027,30800,0.0,0.0
2021-10-07 00:00:00-04:00,4.789999961853027,4.929999828338623,4.789999961853027,4.860000133514404,26900,0.0,0.0
2021-10-08 00:00:00-04:00,4.880000114440918,4.880000114440918,4.760000228881836,4.849999904632568,36800,0.0,0.0
2021-10-11 00:00:00-04:00,4.820000171661377,4.900000095367432,4.769999980926514,4.900000095367432,25300,0.0,0.0
2021-10-12 00:00:00-04:00,4.869999885559082,4.900000095367432,4.809999942779541,4.849999904632568,27100,0.0,0.0
2021-10-13 00:00:00-04:00,4.800000190734863,4.900000095367432,4.789999961853027,4.809999942779541,28000,0.0,0.0
2021-10-14 00:00:00-04:00,4.829999923706055,4.889999866485596,4.820000171661377,4.849999904632568,18000,0.0,0.0
2021-10-15 00:00:00-04:00,4.860000133514404,4.860000133514404,4.760000228881836,4.760000228881836,32400,0.0,0.0
2021-10-18 00:00:00-04:00,4.769999980926514,4.849999904632568,4.710000038146973,4.769999980926514,11200,0.0,0.0
2021-10-19 00:00:00-04:00,4.78000020980835,4.889999866485596,4.78000020980835,4.829999923706055,14400,0.0,0.0
2021-10-20 00:00:00-04:00,4.78000020980835,4.949999809265137,4.730000019073486,4.809999942779541,95200,0.0,0.0
2021-10-21 00:00:00-04:00,4.75,4.809999942779541,4.510000228881836,4.730000019073486,102200,0.0,0.0
2021-10-22 00:00:00-04:00,4.739999771118164,4.739999771118164,4.570000171661377,4.670000076293945,11700,0.0,0.0
2021-10-25 00:00:00-04:00,4.670000076293945,4.679999828338623,4.519999980926514,4.559999942779541,102500,0.0,0.0
2021-10-26 00:00:00-04:00,4.579999923706055,4.699999809265137,4.579999923706055,4.699999809265137,15500,0.0,0.0
2021-10-27 00:00:00-04:00,4.699999809265137,4.900000095367432,4.699999809265137,4.760000228881836,41700,0.0,0.0
2021-10-28 00:00:00-04:00,4.760000228881836,4.880000114440918,4.760000228881836,4.849999904632568,16800,0.0,0.0
2021-10-29 00:00:00-04:00,4.849999904632568,4.900000095367432,4.809999942779541,4.809999942779541,8600,0.0,0.0
2021-11-01 00:00:00-04:00,4.5,4.809999942779541,4.480000019073486,4.610000133514404,97200,0.0,0.0
2021-11-02 00:00:00-04:00,4.579999923706055,4.789999961853027,4.579999923706055,4.78000020980835,32000,0.0,0.0
2021-11-03 00:00:00-04:00,4.78000020980835,5.0,4.75,4.789999961853027,34400,0.0,0.0
2021-11-04 00:00:00-04:00,5.03000020980835,5.199999809265137,4.559999942779541,4.619999885559082,317000,0.0,0.0
2021-11-05 00:00:00-04:00,4.619999885559082,4.739999771118164,4.46999979019165,4.46999979019165,151000,0.0,0.0
2021-11-08 00:00:00-05:00,4.489999771118164,4.559999942779541,4.320000171661377,4.380000114440918,137200,0.0,0.0
2021-11-09 00:00:00-05:00,4.340000152587891,4.400000095367432,4.079999923706055,4.079999923706055,166200,0.0,0.0
2021-11-10 00:00:00-05:00,4.079999923706055,4.269999980926514,4.079999923706055,4.179999828338623,73100,0.0,0.0
2021-11-11 00:00:00-05:00,4.21999979019165,4.21999979019165,4.03000020980835,4.050000190734863,54900,0.0,0.0
2021-11-12 00:00:00-05:00,4.119999885559082,4.28000020980835,4.079999923706055,4.230000019073486,85200,0.0,0.0
2021-11-15 00:00:00-05:00,4.210000038146973,4.230000019073486,4.050000190734863,4.059999942779541,89200,0.0,0.0
2021-11-16 00:00:00-05:00,4.090000152587891,4.099999904632568,3.799999952316284,3.869999885559082,73900,0.0,0.0
2021-11-17 00:00:00-05:00,3.8299999237060547,3.880000114440918,3.7200000286102295,3.759999990463257,75000,0.0,0.0
2021-11-18 00:00:00-05:00,3.759999990463257,3.9800000190734863,3.509999990463257,3.5399999618530273,83700,0.0,0.0
2021-11-19 00:00:00-05:00,3.509999990463257,3.759999990463257,3.509999990463257,3.549999952316284,75800,0.0,0.0
2021-11-22 00:00:00-05:00,3.619999885559082,3.7100000381469727,3.4000000953674316,3.4000000953674316,93400,0.0,0.0
2021-11-23 00:00:00-05:00,3.4100000858306885,3.5199999809265137,3.4100000858306885,3.4600000381469727,66300,0.0,0.0
2021-11-24 00:00:00-05:00,3.4600000381469727,3.5299999713897705,3.4600000381469727,3.4800000190734863,40400,0.0,0.0
2021-11-26 00:00:00-05:00,3.4800000190734863,3.619999885559082,3.4200000762939453,3.430000066757202,103500,0.0,0.0
2021-11-29 00:00:00-05:00,3.680000066757202,3.7899999618530273,3.430000066757202,3.450000047683716,133300,0.0,0.0
2021-11-30 00:00:00-05:00,3.490000009536743,3.5299999713897705,2.9700000286102295,3.0999999046325684,286400,0.0,0.0
2021-12-01 00:00:00-05:00,3.109999895095825,3.259999990463257,3.0899999141693115,3.109999895095825,59900,0.0,0.0
2021-12-02 00:00:00-05:00,3.1500000953674316,3.1500000953674316,3.0199999809265137,3.109999895095825,59400,0.0,0.0
2021-12-03 00:00:00-05:00,3.109999895095825,3.109999895095825,2.880000114440918,2.890000104904175,65400,0.0,0.0
2021-12-06 00:00:00-05:00,2.9600000381469727,3.180000066757202,2.880000114440918,3.1500000953674316,134600,0.0,0.0
2021-12-07 00:00:00-05:00,3.140000104904175,3.4100000858306885,3.069999933242798,3.319999933242798,49700,0.0,0.0
2021-12-08 00:00:00-05:00,3.369999885559082,3.380000114440918,3.2100000381469727,3.369999885559082,88800,0.0,0.0
2021-12-09 00:00:00-05:00,3.4000000953674316,3.4700000286102295,3.240000009536743,3.3299999237060547,48600,0.0,0.0
2021-12-10 00:00:00-05:00,3.3299999237060547,3.440000057220459,3.299999952316284,3.4000000953674316,75200,0.0,0.0
2021-12-13 00:00:00-05:00,3.4000000953674316,3.430000066757202,2.940000057220459,3.0299999713897705,176800,0.0,0.0
2021-12-14 00:00:00-05:00,2.9800000190734863,3.049999952316284,2.9000000953674316,2.9100000858306885,81600,0.0,0.0
2021-12-15 00:00:00-05:00,2.9200000762939453,2.9800000190734863,2.799999952316284,2.9600000381469727,95500,0.0,0.0
2021-12-16 00:00:00-05:00,3.0199999809265137,3.0199999809265137,2.8299999237060547,2.890000104904175,71600,0.0,0.0
2021-12-17 00:00:00-05:00,2.8499999046325684,3.190000057220459,2.8499999046325684,3.190000057220459,73000,0.0,0.0
2021-12-20 00:00:00-05:00,3.2300000190734863,3.2300000190734863,2.930000066757202,3.0,55200,0.0,0.0
2021-12-21 00:00:00-05:00,3.0,3.049999952316284,2.9700000286102295,3.0299999713897705,83300,0.0,0.0
2021-12-22 00:00:00-05:00,3.0899999141693115,3.119999885559082,2.9700000286102295,3.009999990463257,75100,0.0,0.0
2021-12-23 00:00:00-05:00,3.0,3.049999952316284,2.9700000286102295,3.0199999809265137,23600,0.0,0.0
2021-12-27 00:00:00-05:00,3.0399999618530273,3.119999885559082,2.8499999046325684,2.880000114440918,54900,0.0,0.0
2021-12-28 00:00:00-05:00,2.880000114440918,2.940000057220459,2.690000057220459,2.7699999809265137,221100,0.0,0.0
2021-12-29 00:00:00-05:00,2.7200000286102295,2.7699999809265137,2.5899999141693115,2.609999895095825,184000,0.0,0.0
2021-12-30 00:00:00-05:00,2.559999942779541,2.809999942779541,2.559999942779541,2.75,204300,0.0,0.0
2021-12-31 00:00:00-05:00,2.799999952316284,2.930000066757202,2.7699999809265137,2.880000114440918,98500,0.0,0.0
2022-01-03 00:00:00-05:00,2.930000066757202,3.049999952316284,2.880000114440918,3.0299999713897705,45800,0.0,0.0
2022-01-04 00:00:00-05:00,3.0999999046325684,3.1600000858306885,2.869999885559082,2.9000000953674316,30900,0.0,0.0
2022-01-05 00:00:00-05:00,2.880000114440918,2.880000114440918,2.5999999046325684,2.5999999046325684,60500,0.0,0.0
2022-01-06 00:00:00-05:00,2.5899999141693115,2.8299999237060547,2.5899999141693115,2.640000104904175,85200,0.0,0.0
2022-01-07 00:00:00-05:00,2.6500000953674316,2.9800000190734863,2.549999952316284,2.5899999141693115,58300,0.0,0.0
2022-01-10 00:00:00-05:00,2.619999885559082,2.7899999618530273,2.3399999141693115,2.5,215000,0.0,0.0
2022-01-11 00:00:00-05:00,2.5,2.640000104904175,2.4800000190734863,2.5399999618530273,39800,0.0,0.0
2022-01-12 00:00:00-05:00,2.559999942779541,2.619999885559082,2.4100000858306885,2.450000047683716,60800,0.0,0.0
2022-01-13 00:00:00-05:00,2.4100000858306885,2.4700000286102295,2.259999990463257,2.309999942779541,100100,0.0,0.0
2022-01-14 00:00:00-05:00,2.299999952316284,2.3499999046325684,2.119999885559082,2.309999942779541,122100,0.0,0.0
2022-01-18 00:00:00-05:00,2.259999990463257,2.5299999713897705,2.259999990463257,2.4600000381469727,54200,0.0,0.0
2022-01-19 00:00:00-05:00,2.509999990463257,2.7200000286102295,2.4600000381469727,2.5399999618530273,61800,0.0,0.0
2022-01-20 00:00:00-05:00,2.5199999809265137,2.7100000381469727,2.5199999809265137,2.569999933242798,18300,0.0,0.0
2022-01-21 00:00:00-05:00,2.569999933242798,2.75,2.4000000953674316,2.700000047683716,70600,0.0,0.0
2022-01-24 00:00:00-05:00,2.640000104904175,2.640000104904175,2.319999933242798,2.5399999618530273,40100,0.0,0.0
2022-01-25 00:00:00-05:00,2.490000009536743,2.5299999713897705,2.4000000953674316,2.5,32200,0.0,0.0
2022-01-26 00:00:00-05:00,2.5,2.680000066757202,2.4800000190734863,2.569999933242798,28500,0.0,0.0
2022-01-27 00:00:00-05:00,2.630000114440918,2.940000057220459,2.5999999046325684,2.890000104904175,81700,0.0,0.0
2022-01-28 00:00:00-05:00,2.859999895095825,3.190000057220459,2.859999895095825,2.9600000381469727,143000,0.0,0.0
2022-01-31 00:00:00-05:00,2.9200000762939453,3.180000066757202,2.9200000762939453,3.130000114440918,65800,0.0,0.0
2022-02-01 00:00:00-05:00,3.180000066757202,3.2699999809265137,3.0399999618530273,3.2100000381469727,79000,0.0,0.0
2022-02-02 00:00:00-05:00,3.2200000286102295,3.430000066757202,3.130000114440918,3.380000114440918,55700,0.0,0.0
2022-02-03 00:00:00-05:00,3.380000114440918,3.380000114440918,3.0,3.2899999618530273,25900,0.0,0.0
2022-02-04 00:00:00-05:00,3.3499999046325684,3.3499999046325684,3.1700000762939453,3.3399999141693115,20900,0.0,0.0
2022-02-07 00:00:00-05:00,3.3499999046325684,3.3499999046325684,3.0899999141693115,3.0899999141693115,19800,0.0,0.0
2022-02-08 00:00:00-05:00,3.130000114440918,3.1600000858306885,3.009999990463257,3.1600000858306885,8400,0.0,0.0
2022-02-09 00:00:00-05:00,3.2100000381469727,3.2799999713897705,3.069999933242798,3.190000057220459,21700,0.0,0.0
2022-02-10 00:00:00-05:00,3.109999895095825,3.200000047683716,3.069999933242798,3.200000047683716,7600,0.0,0.0
2022-02-11 00:00:00-05:00,3.190000057220459,3.2100000381469727,3.049999952316284,3.200000047683716,19900,0.0,0.0
2022-02-14 00:00:00-05:00,3.1500000953674316,3.1500000953674316,2.869999885559082,2.9200000762939453,25300,0.0,0.0
2022-02-15 00:00:00-05:00,2.9200000762939453,3.1500000953674316,2.9200000762939453,3.130000114440918,20700,0.0,0.0
2022-02-16 00:00:00-05:00,3.0899999141693115,3.3499999046325684,3.059999942779541,3.3499999046325684,17300,0.0,0.0
2022-02-17 00:00:00-05:00,3.309999942779541,3.309999942779541,3.130000114440918,3.2300000190734863,34500,0.0,0.0
2022-02-18 00:00:00-05:00,3.069999933242798,3.25,2.9200000762939453,3.25,19300,0.0,0.0
2022-02-22 00:00:00-05:00,3.1600000858306885,3.1600000858306885,3.009999990463257,3.1600000858306885,5600,0.0,0.0
2022-02-23 00:00:00-05:00,2.9000000953674316,3.200000047683716,2.9000000953674316,3.0,44700,0.0,0.0
2022-02-24 00:00:00-05:00,3.0,3.2699999809265137,2.9000000953674316,3.200000047683716,12700,0.0,0.0
2022-02-25 00:00:00-05:00,3.1700000762939453,3.25,3.0199999809265137,3.2200000286102295,14600,0.0,0.0
2022-02-28 00:00:00-05:00,3.0999999046325684,3.2200000286102295,2.9600000381469727,3.1500000953674316,27400,0.0,0.0
2022-03-01 00:00:00-05:00,3.0999999046325684,3.299999952316284,3.0299999713897705,3.2200000286102295,37700,0.0,0.0
2022-03-02 00:00:00-05:00,3.1500000953674316,3.5,3.1500000953674316,3.3499999046325684,49800,0.0,0.0
2022-03-03 00:00:00-05:00,3.3499999046325684,3.5899999141693115,3.309999942779541,3.5,46200,0.0,0.0
2022-03-04 00:00:00-05:00,3.4800000190734863,3.5799999237060547,3.4200000762939453,3.569999933242798,32700,0.0,0.0
2022-03-07 00:00:00-05:00,3.569999933242798,3.569999933242798,3.0,3.299999952316284,53800,0.0,0.0
2022-03-08 00:00:00-05:00,3.2799999713897705,3.359999895095825,3.0799999237060547,3.2699999809265137,18400,0.0,0.0
2022-03-09 00:00:00-05:00,3.25,3.2699999809265137,3.109999895095825,3.109999895095825,24900,0.0,0.0
2022-03-10 00:00:00-05:00,3.109999895095825,3.180000066757202,3.0,3.119999885559082,12800,0.0,0.0
2022-03-11 00:00:00-05:00,3.0899999141693115,3.0899999141693115,2.740000009536743,2.859999895095825,47100,0.0,0.0
2022-03-14 00:00:00-04:00,2.819999933242798,2.8399999141693115,2.75,2.8399999141693115,20100,0.0,0.0
2022-03-15 00:00:00-04:00,2.8499999046325684,2.880000114440918,2.740000009536743,2.859999895095825,15400,0.0,0.0
2022-03-16 00:00:00-04:00,2.930000066757202,2.930000066757202,2.799999952316284,2.809999942779541,13100,0.0,0.0
2022-03-17 00:00:00-04:00,2.819999933242798,2.990000009536743,2.819999933242798,2.990000009536743,14300,0.0,0.0
2022-03-18 00:00:00-04:00,3.0,3.4000000953674316,3.0,3.2699999809265137,52700,0.0,0.0
2022-03-21 00:00:00-04:00,3.109999895095825,3.25,3.109999895095825,3.2100000381469727,6300,0.0,0.0
2022-03-22 00:00:00-04:00,3.240000009536743,3.490000009536743,3.190000057220459,3.490000009536743,6600,0.0,0.0
2022-03-23 00:00:00-04:00,3.4100000858306885,3.490000009536743,3.200000047683716,3.2899999618530273,4900,0.0,0.0
2022-03-24 00:00:00-04:00,3.2100000381469727,3.7200000286102295,3.2100000381469727,3.7200000286102295,46800,0.0,0.0
2022-03-25 00:00:00-04:00,3.700000047683716,3.7200000286102295,3.4700000286102295,3.5199999809265137,26000,0.0,0.0
2022-03-28 00:00:00-04:00,3.569999933242798,3.569999933242798,3.299999952316284,3.559999942779541,13400,0.0,0.0
2022-03-29 00:00:00-04:00,3.3499999046325684,3.490000009536743,3.2699999809265137,3.3499999046325684,42400,0.0,0.0
2022-03-30 00:00:00-04:00,3.359999895095825,3.450000047683716,3.0199999809265137,3.390000104904175,275600,0.0,0.0
2022-03-31 00:00:00-04:00,3.359999895095825,3.609999895095825,3.0299999713897705,3.4700000286102295,126200,0.0,0.0
2022-04-01 00:00:00-04:00,3.5,3.5299999713897705,3.2899999618530273,3.3499999046325684,17200,0.0,0.0
2022-04-04 00:00:00-04:00,3.299999952316284,3.490000009536743,3.200000047683716,3.3499999046325684,82400,0.0,0.0
2022-04-05 00:00:00-04:00,3.3499999046325684,4.039999961853027,3.299999952316284,3.690000057220459,144400,0.0,0.0
2022-04-06 00:00:00-04:00,3.6500000953674316,3.799999952316284,3.5199999809265137,3.740000009536743,51100,0.0,0.0
2022-04-07 00:00:00-04:00,3.740000009536743,3.7699999809265137,3.440000057220459,3.440000057220459,36100,0.0,0.0
2022-04-08 00:00:00-04:00,3.5299999713897705,3.5399999618530273,3.3499999046325684,3.4000000953674316,14800,0.0,0.0
2022-04-11 00:00:00-04:00,3.3499999046325684,3.3499999046325684,3.200000047683716,3.240000009536743,17400,0.0,0.0
2022-04-12 00:00:00-04:00,3.240000009536743,3.3499999046325684,3.2200000286102295,3.259999990463257,24500,0.0,0.0
2022-04-13 00:00:00-04:00,3.2200000286102295,3.619999885559082,3.2200000286102295,3.5399999618530273,27200,0.0,0.0
2022-04-14 00:00:00-04:00,3.369999885559082,3.4200000762939453,3.299999952316284,3.4100000858306885,3400,0.0,0.0
2022-04-18 00:00:00-04:00,3.299999952316284,3.4700000286102295,3.299999952316284,3.4700000286102295,9800,0.0,0.0
2022-04-19 00:00:00-04:00,3.4100000858306885,3.5899999141693115,3.309999942779541,3.509999990463257,11200,0.0,0.0
2022-04-20 00:00:00-04:00,3.4000000953674316,3.5799999237060547,3.380000114440918,3.430000066757202,8200,0.0,0.0
2022-04-21 00:00:00-04:00,3.390000104904175,3.4600000381469727,3.359999895095825,3.4200000762939453,22500,0.0,0.0
2022-04-22 00:00:00-04:00,3.359999895095825,3.369999885559082,3.2100000381469727,3.2100000381469727,21400,0.0,0.0
2022-04-25 00:00:00-04:00,3.1600000858306885,3.1600000858306885,2.9600000381469727,3.0799999237060547,26500,0.0,0.0
2022-04-26 00:00:00-04:00,3.049999952316284,3.2300000190734863,2.990000009536743,3.109999895095825,28600,0.0,0.0
2022-04-27 00:00:00-04:00,3.109999895095825,3.119999885559082,3.009999990463257,3.009999990463257,12000,0.0,0.0
2022-04-28 00:00:00-04:00,3.0999999046325684,3.119999885559082,2.930000066757202,3.0,22600,0.0,0.0
2022-04-29 00:00:00-04:00,3.0,3.0,2.950000047683716,3.0,13100,0.0,0.0
2022-05-02 00:00:00-04:00,3.0,3.2100000381469727,2.950000047683716,3.1600000858306885,10400,0.0,0.0
2022-05-03 00:00:00-04:00,3.1500000953674316,3.5,3.1500000953674316,3.5,21800,0.0,0.0
2022-05-04 00:00:00-04:00,3.299999952316284,3.4600000381469727,3.299999952316284,3.390000104904175,8300,0.0,0.0
2022-05-05 00:00:00-04:00,3.25,3.3499999046325684,3.25,3.319999933242798,10100,0.0,0.0
2022-05-06 00:00:00-04:00,3.1700000762939453,3.309999942779541,3.1700000762939453,3.309999942779541,6800,0.0,0.0
2022-05-09 00:00:00-04:00,3.25,3.2799999713897705,2.950000047683716,2.9700000286102295,28600,0.0,0.0
2022-05-10 00:00:00-04:00,2.9800000190734863,3.140000104904175,2.799999952316284,3.0199999809265137,35600,0.0,0.0
2022-05-11 00:00:00-04:00,2.9100000858306885,2.9100000858306885,2.819999933242798,2.8399999141693115,23200,0.0,0.0
2022-05-12 00:00:00-04:00,2.799999952316284,2.809999942779541,2.6600000858306885,2.7100000381469727,26600,0.0,0.0
2022-05-13 00:00:00-04:00,2.799999952316284,2.9700000286102295,2.7200000286102295,2.8499999046325684,47800,0.0,0.0
2022-05-16 00:00:00-04:00,2.869999885559082,3.0,2.700000047683716,2.7100000381469727,55900,0.0,0.0
2022-05-17 00:00:00-04:00,2.7100000381469727,2.7100000381469727,2.0999999046325684,2.119999885559082,451400,0.0,0.0
2022-05-18 00:00:00-04:00,2.190000057220459,2.299999952316284,2.0999999046325684,2.109999895095825,120700,0.0,0.0
2022-05-19 00:00:00-04:00,2.0999999046325684,2.240000009536743,2.0299999713897705,2.0999999046325684,226800,0.0,0.0
2022-05-20 00:00:00-04:00,2.0999999046325684,2.25,2.069999933242798,2.069999933242798,54800,0.0,0.0
2022-05-23 00:00:00-04:00,2.0999999046325684,2.140000104904175,2.049999952316284,2.0999999046325684,44700,0.0,0.0
2022-05-24 00:00:00-04:00,2.049999952316284,2.5199999809265137,2.049999952316284,2.3499999046325684,130400,0.0,0.0
2022-05-25 00:00:00-04:00,2.430000066757202,2.430000066757202,2.2300000190734863,2.390000104904175,41600,0.0,0.0
2022-05-26 00:00:00-04:00,2.390000104904175,2.5,2.299999952316284,2.4600000381469727,53200,0.0,0.0
2022-05-27 00:00:00-04:00,2.4700000286102295,2.5999999046325684,2.049999952316284,2.5,49300,0.0,0.0
2022-05-31 00:00:00-04:00,2.4800000190734863,2.569999933242798,2.369999885559082,2.569999933242798,10300,0.0,0.0
2022-06-01 00:00:00-04:00,2.5999999046325684,2.640000104904175,2.5399999618530273,2.5899999141693115,6100,0.0,0.0
2022-06-02 00:00:00-04:00,2.5899999141693115,2.700000047683716,2.5899999141693115,2.700000047683716,7400,0.0,0.0
2022-06-03 00:00:00-04:00,2.690000057220459,2.690000057220459,2.5,2.5399999618530273,17400,0.0,0.0
2022-06-06 00:00:00-04:00,2.5799999237060547,2.5899999141693115,2.4000000953674316,2.450000047683716,10200,0.0,0.0
2022-06-07 00:00:00-04:00,2.509999990463257,2.5799999237060547,2.4000000953674316,2.5,41900,0.0,0.0
2022-06-08 00:00:00-04:00,2.450000047683716,2.5799999237060547,2.450000047683716,2.5799999237060547,12300,0.0,0.0
2022-06-09 00:00:00-04:00,2.4700000286102295,2.549999952316284,2.4700000286102295,2.549999952316284,2100,0.0,0.0
2022-06-10 00:00:00-04:00,2.5,2.5,2.369999885559082,2.369999885559082,5800,0.0,0.0
2022-06-13 00:00:00-04:00,2.299999952316284,2.3499999046325684,2.049999952316284,2.059999942779541,59800,0.0,0.0
2022-06-14 00:00:00-04:00,2.0199999809265137,2.049999952316284,1.9500000476837158,2.0,22500,0.0,0.0
2022-06-15 00:00:00-04:00,2.0,2.049999952316284,1.9600000381469727,1.9900000095367432,26400,0.0,0.0
2022-06-16 00:00:00-04:00,1.9500000476837158,1.9800000190734863,1.7699999809265137,1.7999999523162842,48600,0.0,0.0
2022-06-17 00:00:00-04:00,1.840000033378601,2.0999999046325684,1.8200000524520874,2.009999990463257,86700,0.0,0.0
2022-06-21 00:00:00-04:00,2.0299999713897705,2.4000000953674316,2.0299999713897705,2.240000009536743,75600,0.0,0.0
2022-06-22 00:00:00-04:00,2.2100000381469727,2.240000009536743,2.109999895095825,2.2200000286102295,24600,0.0,0.0
2022-06-23 00:00:00-04:00,2.2200000286102295,2.4800000190734863,2.049999952316284,2.390000104904175,13900,0.0,0.0
2022-06-24 00:00:00-04:00,2.450000047683716,2.5399999618530273,2.450000047683716,2.5199999809265137,23100,0.0,0.0
2022-06-27 00:00:00-04:00,2.4200000762939453,2.4800000190734863,2.4000000953674316,2.4700000286102295,4100,0.0,0.0
2022-06-28 00:00:00-04:00,2.4700000286102295,2.4700000286102295,2.3399999141693115,2.440000057220459,13000,0.0,0.0
2022-06-29 00:00:00-04:00,2.309999942779541,2.5199999809265137,2.309999942779541,2.5199999809265137,9800,0.0,0.0
2022-06-30 00:00:00-04:00,2.5,2.5,2.259999990463257,2.4200000762939453,17000,0.0,0.0
2022-07-01 00:00:00-04:00,2.450000047683716,2.450000047683716,2.180000066757202,2.299999952316284,20900,0.0,0.0
2022-07-05 00:00:00-04:00,2.190000057220459,2.3399999141693115,2.059999942779541,2.299999952316284,20100,0.0,0.0
2022-07-06 00:00:00-04:00,2.25,2.3499999046325684,2.190000057220459,2.319999933242798,5700,0.0,0.0
2022-07-07 00:00:00-04:00,2.359999895095825,2.4100000858306885,2.259999990463257,2.359999895095825,14500,0.0,0.0
2022-07-08 00:00:00-04:00,2.3299999237060547,2.3299999237060547,2.259999990463257,2.3299999237060547,3000,0.0,0.0
2022-07-11 00:00:00-04:00,2.2699999809265137,2.2699999809265137,2.119999885559082,2.25,5900,0.0,0.0
2022-07-12 00:00:00-04:00,2.2799999713897705,2.4100000858306885,2.2799999713897705,2.380000114440918,12400,0.0,0.0
2022-07-13 00:00:00-04:00,2.200000047683716,2.380000114440918,2.200000047683716,2.380000114440918,19200,0.0,0.0
2022-07-14 00:00:00-04:00,2.259999990463257,2.3399999141693115,2.109999895095825,2.3399999141693115,21500,0.0,0.0
2022-07-15 00:00:00-04:00,2.240000009536743,2.2799999713897705,2.240000009536743,2.25,4100,0.0,0.0
2022-07-18 00:00:00-04:00,2.2200000286102295,2.2699999809265137,2.109999895095825,2.1600000858306885,17000,0.0,0.0
2022-07-19 00:00:00-04:00,2.1700000762939453,2.2799999713897705,2.119999885559082,2.130000114440918,6900,0.0,0.0
2022-07-20 00:00:00-04:00,2.2100000381469727,2.2200000286102295,2.109999895095825,2.130000114440918,25700,0.0,0.0
2022-07-21 00:00:00-04:00,2.109999895095825,2.190000057220459,2.0199999809265137,2.1500000953674316,17200,0.0,0.0
2022-07-22 00:00:00-04:00,2.059999942779541,2.1600000858306885,2.009999990463257,2.049999952316284,20500,0.0,0.0
2022-07-25 00:00:00-04:00,2.069999933242798,2.0999999046325684,2.0199999809265137,2.0199999809265137,21000,0.0,0.0
2022-07-26 00:00:00-04:00,2.0,2.0199999809265137,1.9600000381469727,1.9800000190734863,29800,0.0,0.0
2022-07-27 00:00:00-04:00,1.9600000381469727,2.0199999809265137,1.899999976158142,1.9199999570846558,53400,0.0,0.0
2022-07-28 00:00:00-04:00,1.850000023841858,1.9500000476837158,1.7200000286102295,1.8700000047683716,34100,0.0,0.0
2022-07-29 00:00:00-04:00,1.840000033378601,1.8899999856948853,1.7699999809265137,1.8600000143051147,33700,0.0,0.0
2022-08-01 00:00:00-04:00,1.8600000143051147,1.8600000143051147,1.75,1.7699999809265137,42700,0.0,0.0
2022-08-02 00:00:00-04:00,1.9299999475479126,1.9900000095367432,1.75,1.8700000047683716,83500,0.0,0.0
2022-08-03 00:00:00-04:00,1.840000033378601,1.909999966621399,1.7599999904632568,1.8300000429153442,55400,0.0,0.0
2022-08-04 00:00:00-04:00,1.7799999713897705,1.9700000286102295,1.7799999713897705,1.840000033378601,71000,0.0,0.0
2022-08-05 00:00:00-04:00,1.8200000524520874,1.850000023841858,1.75,1.7799999713897705,101800,0.0,0.0
2022-08-08 00:00:00-04:00,1.7899999618530273,1.840000033378601,1.7200000286102295,1.8200000524520874,20600,0.0,0.0
2022-08-09 00:00:00-04:00,1.7799999713897705,1.9299999475479126,1.659999966621399,1.659999966621399,48800,0.0,0.0
2022-08-10 00:00:00-04:00,1.659999966621399,1.7999999523162842,1.5700000524520874,1.659999966621399,127400,0.0,0.0
2022-08-11 00:00:00-04:00,1.6799999475479126,1.690000057220459,1.6100000143051147,1.659999966621399,48300,0.0,0.0
2022-08-12 00:00:00-04:00,1.6200000047683716,1.7999999523162842,1.6200000047683716,1.7999999523162842,26300,0.0,0.0
2022-08-15 00:00:00-04:00,1.7999999523162842,1.8899999856948853,1.7599999904632568,1.8700000047683716,11600,0.0,0.0
2022-08-16 00:00:00-04:00,1.8600000143051147,1.9299999475479126,1.7000000476837158,1.7699999809265137,170500,0.0,0.0
2022-08-17 00:00:00-04:00,1.7400000095367432,1.7799999713897705,1.6699999570846558,1.690000057220459,59000,0.0,0.0
2022-08-18 00:00:00-04:00,1.6699999570846558,1.7400000095367432,1.600000023841858,1.690000057220459,79300,0.0,0.0
2022-08-19 00:00:00-04:00,1.6799999475479126,1.7200000286102295,1.6399999856948853,1.7000000476837158,16100,0.0,0.0
2022-08-22 00:00:00-04:00,1.7200000286102295,1.7200000286102295,1.659999966621399,1.7000000476837158,49700,0.0,0.0
2022-08-23 00:00:00-04:00,1.7300000190734863,1.75,1.690000057220459,1.690000057220459,49100,0.0,0.0
2022-08-24 00:00:00-04:00,1.7200000286102295,1.7799999713897705,1.7000000476837158,1.7599999904632568,29400,0.0,0.0
2022-08-25 00:00:00-04:00,1.7699999809265137,1.7899999618530273,1.75,1.7899999618530273,31500,0.0,0.0
2022-08-26 00:00:00-04:00,1.7999999523162842,1.8799999952316284,1.7899999618530273,1.809999942779541,13400,0.0,0.0
2022-08-29 00:00:00-04:00,1.809999942779541,1.9500000476837158,1.809999942779541,1.8899999856948853,70200,0.0,0.0
2022-08-30 00:00:00-04:00,1.8799999952316284,1.899999976158142,1.8700000047683716,1.8799999952316284,18900,0.0,0.0
2022-08-31 00:00:00-04:00,1.8700000047683716,2.0199999809265137,1.8700000047683716,1.940000057220459,38200,0.0,0.0
2022-09-01 00:00:00-04:00,1.9500000476837158,2.009999990463257,1.909999966621399,2.009999990463257,21800,0.0,0.0
2022-09-02 00:00:00-04:00,2.009999990463257,2.0199999809265137,1.899999976158142,1.909999966621399,20900,0.0,0.0
2022-09-06 00:00:00-04:00,1.8899999856948853,1.9800000190734863,1.8799999952316284,1.9299999475479126,17800,0.0,0.0
2022-09-07 00:00:00-04:00,1.8799999952316284,1.9900000095367432,1.8799999952316284,1.9500000476837158,19100,0.0,0.0
2022-09-08 00:00:00-04:00,1.8700000047683716,1.9900000095367432,1.8700000047683716,1.8899999856948853,12900,0.0,0.0
2022-09-09 00:00:00-04:00,1.9600000381469727,1.9900000095367432,1.9199999570846558,1.9700000286102295,11400,0.0,0.0
2022-09-12 00:00:00-04:00,1.9500000476837158,2.0999999046325684,1.9500000476837158,2.009999990463257,18200,0.0,0.0
2022-09-13 00:00:00-04:00,1.909999966621399,2.0199999809265137,1.899999976158142,1.909999966621399,11200,0.0,0.0
2022-09-14 00:00:00-04:00,1.899999976158142,1.899999976158142,1.690000057220459,1.7300000190734863,39800,0.0,0.0
2022-09-15 00:00:00-04:00,1.659999966621399,1.899999976158142,1.659999966621399,1.840000033378601,26100,0.0,0.0
2022-09-16 00:00:00-04:00,1.7999999523162842,1.7999999523162842,1.7000000476837158,1.7300000190734863,29400,0.0,0.0
2022-09-19 00:00:00-04:00,1.7400000095367432,1.7699999809265137,1.690000057220459,1.7000000476837158,25500,0.0,0.0
2022-09-20 00:00:00-04:00,1.7100000381469727,1.7100000381469727,1.6100000143051147,1.6200000047683716,10000,0.0,0.0
2022-09-21 00:00:00-04:00,1.6699999570846558,1.6699999570846558,1.5800000429153442,1.6200000047683716,67900,0.0,0.0
2022-09-22 00:00:00-04:00,1.600000023841858,1.6200000047683716,1.5700000524520874,1.600000023841858,6300,0.0,0.0
2022-09-23 00:00:00-04:00,1.5499999523162842,1.5499999523162842,1.4500000476837158,1.5,21800,0.0,0.0
2022-09-26 00:00:00-04:00,1.4800000190734863,1.5,1.399999976158142,1.4199999570846558,22300,0.0,0.0
2022-09-27 00:00:00-04:00,1.440000057220459,1.5299999713897705,1.340000033378601,1.399999976158142,36600,0.0,0.0
2022-09-28 00:00:00-04:00,1.3200000524520874,1.5,1.3200000524520874,1.4600000381469727,59200,0.0,0.0
2022-09-29 00:00:00-04:00,1.3899999856948853,1.3899999856948853,1.309999942779541,1.3799999952316284,47700,0.0,0.0
2022-09-30 00:00:00-04:00,1.3799999952316284,1.440000057220459,1.3799999952316284,1.4199999570846558,21400,0.0,0.0
2022-10-03 00:00:00-04:00,1.4500000476837158,1.4500000476837158,1.3700000047683716,1.399999976158142,6400,0.0,0.0
2022-10-04 00:00:00-04:00,1.4199999570846558,1.4800000190734863,1.399999976158142,1.4299999475479126,27600,0.0,0.0
2022-10-05 00:00:00-04:00,1.4199999570846558,1.4800000190734863,1.3799999952316284,1.409999966621399,53600,0.0,0.0
2022-10-06 00:00:00-04:00,1.4199999570846558,1.4199999570846558,1.3600000143051147,1.3600000143051147,10500,0.0,0.0
2022-10-07 00:00:00-04:00,1.3600000143051147,1.409999966621399,1.309999942779541,1.3200000524520874,3700,0.0,0.0
2022-10-10 00:00:00-04:00,1.309999942779541,1.399999976158142,1.309999942779541,1.3899999856948853,7500,0.0,0.0
2022-10-11 00:00:00-04:00,1.3200000524520874,1.3899999856948853,1.309999942779541,1.340000033378601,9500,0.0,0.0
2022-10-12 00:00:00-04:00,1.3200000524520874,1.3300000429153442,1.2999999523162842,1.3200000524520874,31200,0.0,0.0
2022-10-13 00:00:00-04:00,1.3300000429153442,1.350000023841858,1.2799999713897705,1.2799999713897705,15900,0.0,0.0
2022-10-14 00:00:00-04:00,1.2899999618530273,1.3300000429153442,1.2699999809265137,1.2699999809265137,12400,0.0,0.0
2022-10-17 00:00:00-04:00,1.2100000381469727,1.350000023841858,1.2000000476837158,1.2699999809265137,68600,0.0,0.0
2022-10-18 00:00:00-04:00,1.309999942779541,1.3200000524520874,1.2799999713897705,1.2799999713897705,67600,0.0,0.0
2022-10-19 00:00:00-04:00,1.2699999809265137,1.2999999523162842,1.2699999809265137,1.2799999713897705,11000,0.0,0.0
2022-10-20 00:00:00-04:00,1.2999999523162842,1.3300000429153442,1.2899999618530273,1.2899999618530273,37500,0.0,0.0
2022-10-21 00:00:00-04:00,1.25,1.2899999618530273,1.25,1.2799999713897705,2900,0.0,0.0
2022-10-24 00:00:00-04:00,1.2899999618530273,1.3200000524520874,1.2300000190734863,1.2300000190734863,35600,0.0,0.0
2022-10-25 00:00:00-04:00,1.2599999904632568,1.3799999952316284,1.2400000095367432,1.2999999523162842,64200,0.0,0.0
2022-10-26 00:00:00-04:00,1.4500000476837158,1.4600000381469727,1.3700000047683716,1.3700000047683716,8900,0.0,0.0
2022-10-27 00:00:00-04:00,1.409999966621399,1.409999966621399,1.2699999809265137,1.309999942779541,26100,0.0,0.0
2022-10-28 00:00:00-04:00,1.2899999618530273,1.3200000524520874,1.2599999904632568,1.2799999713897705,5200,0.0,0.0
2022-10-31 00:00:00-04:00,1.2799999713897705,1.3600000143051147,1.2799999713897705,1.340000033378601,12300,0.0,0.0
2022-11-01 00:00:00-04:00,1.340000033378601,1.3899999856948853,1.340000033378601,1.3700000047683716,13900,0.0,0.0
2022-11-02 00:00:00-04:00,1.3700000047683716,1.4299999475479126,1.3700000047683716,1.4199999570846558,20300,0.0,0.0
2022-11-03 00:00:00-04:00,1.4700000286102295,1.4700000286102295,1.3600000143051147,1.3600000143051147,16200,0.0,0.0
2022-11-04 00:00:00-04:00,1.3799999952316284,1.4299999475479126,1.3799999952316284,1.3899999856948853,6500,0.0,0.0
2022-11-07 00:00:00-05:00,1.600000023841858,1.600000023841858,1.1799999475479126,1.2699999809265137,4388400,0.0,0.0
2022-11-08 00:00:00-05:00,1.2100000381469727,1.4600000381469727,1.1299999952316284,1.409999966621399,358900,0.0,0.0
2022-11-09 00:00:00-05:00,1.3200000524520874,1.4500000476837158,1.2200000286102295,1.4199999570846558,119400,0.0,0.0
2022-11-10 00:00:00-05:00,1.4199999570846558,1.440000057220459,1.3600000143051147,1.4299999475479126,33300,0.0,0.0
2022-11-11 00:00:00-05:00,1.4500000476837158,1.9199999570846558,1.4199999570846558,1.899999976158142,209000,0.0,0.0
2022-11-14 00:00:00-05:00,1.8799999952316284,2.0299999713897705,1.7200000286102295,1.9800000190734863,106000,0.0,0.0
2022-11-15 00:00:00-05:00,2.059999942779541,2.200000047683716,1.9199999570846558,2.1600000858306885,52900,0.0,0.0
2022-11-16 00:00:00-05:00,2.190000057220459,2.2899999618530273,2.1500000953674316,2.240000009536743,82300,0.0,0.0
2022-11-17 00:00:00-05:00,2.240000009536743,2.240000009536743,2.0,2.1600000858306885,34500,0.0,0.0
2022-11-18 00:00:00-05:00,2.1500000953674316,2.1600000858306885,1.9600000381469727,2.0999999046325684,22900,0.0,0.0
2022-11-21 00:00:00-05:00,2.0799999237060547,2.0899999141693115,2.0199999809265137,2.069999933242798,28800,0.0,0.0
2022-11-22 00:00:00-05:00,2.0199999809265137,2.059999942779541,2.0199999809265137,2.049999952316284,19900,0.0,0.0
2022-11-23 00:00:00-05:00,2.0399999618530273,2.069999933242798,1.9800000190734863,2.059999942779541,22300,0.0,0.0
2022-11-25 00:00:00-05:00,2.1600000858306885,2.2100000381469727,2.069999933242798,2.2100000381469727,11700,0.0,0.0
2022-11-28 00:00:00-05:00,2.140000104904175,2.1700000762939453,2.0399999618530273,2.0899999141693115,30600,0.0,0.0
2022-11-29 00:00:00-05:00,2.180000066757202,2.180000066757202,1.9900000095367432,2.0,10800,0.0,0.0
2022-11-30 00:00:00-05:00,2.049999952316284,2.049999952316284,1.8600000143051147,2.0,295900,0.0,0.0
2022-12-01 00:00:00-05:00,1.9600000381469727,2.009999990463257,1.9600000381469727,1.9900000095367432,14600,0.0,0.0
2022-12-02 00:00:00-05:00,2.0,2.059999942779541,1.9900000095367432,2.0,20700,0.0,0.0
2022-12-05 00:00:00-05:00,1.9900000095367432,2.0,1.909999966621399,1.940000057220459,14800,0.0,0.0
2022-12-06 00:00:00-05:00,1.9299999475479126,1.940000057220459,1.899999976158142,1.9199999570846558,7900,0.0,0.0
2022-12-07 00:00:00-05:00,1.9199999570846558,1.9199999570846558,1.8600000143051147,1.8700000047683716,9700,0.0,0.0
2022-12-08 00:00:00-05:00,1.8899999856948853,2.0399999618530273,1.850000023841858,2.0,41500,0.0,0.0
2022-12-09 00:00:00-05:00,2.0,2.0799999237060547,1.9800000190734863,2.069999933242798,30300,0.0,0.0
2022-12-12 00:00:00-05:00,2.069999933242798,2.1600000858306885,2.069999933242798,2.140000104904175,37100,0.0,0.0
2022-12-13 00:00:00-05:00,2.1600000858306885,2.2200000286102295,2.0999999046325684,2.190000057220459,38400,0.0,0.0
2022-12-14 00:00:00-05:00,2.1700000762939453,2.190000057220459,1.9500000476837158,2.009999990463257,57200,0.0,0.0
2022-12-15 00:00:00-05:00,1.9900000095367432,2.0999999046325684,1.9800000190734863,2.0399999618530273,16600,0.0,0.0
2022-12-16 00:00:00-05:00,2.0399999618530273,2.1500000953674316,2.0,2.059999942779541,28700,0.0,0.0
2022-12-19 00:00:00-05:00,2.059999942779541,2.059999942779541,1.9199999570846558,1.9700000286102295,20200,0.0,0.0
2022-12-20 00:00:00-05:00,1.899999976158142,1.9700000286102295,1.8700000047683716,1.9500000476837158,23800,0.0,0.0
2022-12-21 00:00:00-05:00,1.9900000095367432,1.9900000095367432,1.8300000429153442,1.9199999570846558,37500,0.0,0.0
2022-12-22 00:00:00-05:00,1.8600000143051147,1.909999966621399,1.8600000143051147,1.909999966621399,8100,0.0,0.0
2022-12-23 00:00:00-05:00,1.8700000047683716,1.8799999952316284,1.8300000429153442,1.8600000143051147,14800,0.0,0.0
2022-12-27 00:00:00-05:00,1.850000023841858,1.9299999475479126,1.7999999523162842,1.899999976158142,16600,0.0,0.0
2022-12-28 00:00:00-05:00,1.8799999952316284,1.909999966621399,1.8200000524520874,1.8200000524520874,9600,0.0,0.0
2022-12-29 00:00:00-05:00,1.7999999523162842,1.9500000476837158,1.75,1.9199999570846558,41300,0.0,0.0
2022-12-30 00:00:00-05:00,1.899999976158142,1.9500000476837158,1.7899999618530273,1.9500000476837158,16500,0.0,0.0
2023-01-03 00:00:00-05:00,1.940000057220459,1.9900000095367432,1.850000023841858,1.9600000381469727,22000,0.0,0.0
2023-01-04 00:00:00-05:00,1.940000057220459,2.200000047683716,1.899999976158142,2.1700000762939453,52600,0.0,0.0
2023-01-05 00:00:00-05:00,2.190000057220459,2.190000057220459,2.0799999237060547,2.140000104904175,30400,0.0,0.0
2023-01-06 00:00:00-05:00,2.180000066757202,2.200000047683716,2.140000104904175,2.200000047683716,21500,0.0,0.0
2023-01-09 00:00:00-05:00,2.2300000190734863,2.3399999141693115,2.1500000953674316,2.240000009536743,92800,0.0,0.0
2023-01-10 00:00:00-05:00,2.2799999713897705,2.2799999713897705,2.190000057220459,2.25,20100,0.0,0.0
2023-01-11 00:00:00-05:00,2.3299999237060547,2.3399999141693115,2.2300000190734863,2.3299999237060547,29300,0.0,0.0
2023-01-12 00:00:00-05:00,2.309999942779541,2.4700000286102295,2.309999942779541,2.4700000286102295,48700,0.0,0.0
2023-01-13 00:00:00-05:00,2.4600000381469727,2.4800000190734863,2.369999885559082,2.380000114440918,21400,0.0,0.0
2023-01-17 00:00:00-05:00,2.3499999046325684,2.549999952316284,2.3499999046325684,2.549999952316284,55700,0.0,0.0
2023-01-18 00:00:00-05:00,2.549999952316284,2.640000104904175,2.450000047683716,2.5,95700,0.0,0.0
2023-01-19 00:00:00-05:00,2.4700000286102295,2.5999999046325684,2.4200000762939453,2.5,39500,0.0,0.0
2023-01-20 00:00:00-05:00,2.490000009536743,2.5299999713897705,2.359999895095825,2.509999990463257,33600,0.0,0.0
2023-01-23 00:00:00-05:00,2.5199999809265137,2.5899999141693115,2.5199999809265137,2.5899999141693115,8300,0.0,0.0
2023-01-24 00:00:00-05:00,2.5299999713897705,2.5399999618530273,2.430000066757202,2.5,9900,0.0,0.0
2023-01-25 00:00:00-05:00,2.4700000286102295,2.5199999809265137,2.4100000858306885,2.5199999809265137,26000,0.0,0.0
2023-01-26 00:00:00-05:00,2.509999990463257,2.5199999809265137,2.380000114440918,2.4200000762939453,5400,0.0,0.0
2023-01-27 00:00:00-05:00,2.390000104904175,2.440000057220459,2.299999952316284,2.4000000953674316,23800,0.0,0.0
2023-01-30 00:00:00-05:00,2.4200000762939453,2.440000057220459,2.3499999046325684,2.3499999046325684,11300,0.0,0.0
2023-01-31 00:00:00-05:00,2.259999990463257,2.4100000858306885,2.2300000190734863,2.4000000953674316,33400,0.0,0.0
2023-02-01 00:00:00-05:00,2.2100000381469727,2.2899999618530273,2.0199999809265137,2.0199999809265137,99800,0.0,0.0
2023-02-02 00:00:00-05:00,2.0199999809265137,2.240000009536743,2.0199999809265137,2.180000066757202,31300,0.0,0.0
2023-02-03 00:00:00-05:00,2.1700000762939453,2.2100000381469727,2.0899999141693115,2.119999885559082,28000,0.0,0.0
2023-02-06 00:00:00-05:00,2.119999885559082,2.1600000858306885,2.0199999809265137,2.0199999809265137,15200,0.0,0.0
2023-02-07 00:00:00-05:00,2.0199999809265137,2.259999990463257,2.0199999809265137,2.200000047683716,68000,0.0,0.0
2023-02-08 00:00:00-05:00,2.1600000858306885,2.3299999237060547,2.0799999237060547,2.25,25600,0.0,0.0
2023-02-09 00:00:00-05:00,2.309999942779541,2.3299999237060547,2.180000066757202,2.25,17800,0.0,0.0
2023-02-10 00:00:00-05:00,2.2300000190734863,2.309999942779541,2.1700000762939453,2.2200000286102295,39200,0.0,0.0
2023-02-13 00:00:00-05:00,2.2699999809265137,2.2699999809265137,2.0799999237060547,2.0799999237060547,7200,0.0,0.0
2023-02-14 00:00:00-05:00,2.069999933242798,2.190000057220459,2.0399999618530273,2.0399999618530273,7400,0.0,0.0
2023-02-15 00:00:00-05:00,2.0399999618530273,2.1600000858306885,2.0399999618530273,2.130000114440918,14600,0.0,0.0
2023-02-16 00:00:00-05:00,2.069999933242798,2.2899999618530273,2.069999933242798,2.1700000762939453,12500,0.0,0.0
2023-02-17 00:00:00-05:00,2.2100000381469727,2.25,2.1700000762939453,2.2200000286102295,40300,0.0,0.0
2023-02-21 00:00:00-05:00,2.200000047683716,2.2200000286102295,2.140000104904175,2.1600000858306885,6500,0.0,0.0
2023-02-22 00:00:00-05:00,2.1600000858306885,2.1600000858306885,2.069999933242798,2.069999933242798,14200,0.0,0.0
2023-02-23 00:00:00-05:00,2.109999895095825,2.109999895095825,1.3799999952316284,1.399999976158142,1383300,0.0,0.0
2023-02-24 00:00:00-05:00,1.399999976158142,1.4900000095367432,1.3700000047683716,1.4299999475479126,298400,0.0,0.0
2023-02-27 00:00:00-05:00,1.4600000381469727,1.6799999475479126,1.4299999475479126,1.5499999523162842,338900,0.0,0.0
2023-02-28 00:00:00-05:00,1.5499999523162842,1.590000033378601,1.4199999570846558,1.440000057220459,44300,0.0,0.0
2023-03-01 00:00:00-05:00,1.440000057220459,1.4600000381469727,1.4199999570846558,1.4299999475479126,59700,0.0,0.0
2023-03-02 00:00:00-05:00,1.4299999475479126,1.440000057220459,1.3799999952316284,1.3899999856948853,32900,0.0,0.0
2023-03-03 00:00:00-05:00,1.3799999952316284,1.5099999904632568,1.3600000143051147,1.5099999904632568,64600,0.0,0.0
2023-03-06 00:00:00-05:00,1.5099999904632568,1.5499999523162842,1.4500000476837158,1.4800000190734863,31900,0.0,0.0
2023-03-07 00:00:00-05:00,1.5,1.5,1.399999976158142,1.399999976158142,18600,0.0,0.0
2023-03-08 00:00:00-05:00,1.4299999475479126,1.4500000476837158,1.3799999952316284,1.3799999952316284,9200,0.0,0.0
2023-03-09 00:00:00-05:00,1.399999976158142,1.4199999570846558,1.350000023841858,1.350000023841858,17900,0.0,0.0
2023-03-10 00:00:00-05:00,1.3300000429153442,1.3700000047683716,1.25,1.2699999809265137,21300,0.0,0.0
2023-03-13 00:00:00-04:00,1.25,1.3300000429153442,1.2100000381469727,1.2699999809265137,80000,0.0,0.0
2023-03-14 00:00:00-04:00,1.2599999904632568,1.3200000524520874,1.25,1.2599999904632568,57900,0.0,0.0
2023-03-15 00:00:00-04:00,1.2000000476837158,1.2400000095367432,1.159999966621399,1.2400000095367432,127300,0.0,0.0
2023-03-16 00:00:00-04:00,1.2100000381469727,1.2899999618530273,1.2000000476837158,1.2699999809265137,41500,0.0,0.0
2023-03-17 00:00:00-04:00,1.2799999713897705,1.5399999618530273,1.2799999713897705,1.5,289500,0.0,0.0
2023-03-20 00:00:00-04:00,1.5399999618530273,1.600000023841858,1.309999942779541,1.3899999856948853,82200,0.0,0.0
2023-03-21 00:00:00-04:00,1.559999942779541,1.5800000429153442,1.409999966621399,1.4299999475479126,147900,0.0,0.0
2023-03-22 00:00:00-04:00,1.4500000476837158,1.4500000476837158,1.3300000429153442,1.340000033378601,52900,0.0,0.0
2023-03-23 00:00:00-04:00,1.3700000047683716,1.4900000095367432,1.3700000047683716,1.4199999570846558,49700,0.0,0.0
2023-03-24 00:00:00-04:00,1.4199999570846558,1.4500000476837158,1.3600000143051147,1.4199999570846558,41800,0.0,0.0
2023-03-27 00:00:00-04:00,1.409999966621399,1.4500000476837158,1.309999942779541,1.3700000047683716,55500,0.0,0.0
2023-03-28 00:00:00-04:00,1.3799999952316284,1.399999976158142,1.2999999523162842,1.309999942779541,40100,0.0,0.0
2023-03-29 00:00:00-04:00,1.350000023841858,1.350000023841858,1.2200000286102295,1.2300000190734863,52000,0.0,0.0
2023-03-30 00:00:00-04:00,1.2799999713897705,1.309999942779541,1.2300000190734863,1.2400000095367432,76000,0.0,0.0
2023-03-31 00:00:00-04:00,1.2300000190734863,1.2999999523162842,1.1799999475479126,1.1799999475479126,98000,0.0,0.0
2023-04-03 00:00:00-04:00,1.1799999475479126,1.190000057220459,1.100000023841858,1.190000057220459,66500,0.0,0.0
2023-04-04 00:00:00-04:00,1.2200000286102295,1.2999999523162842,1.159999966621399,1.1799999475479126,87000,0.0,0.0
2023-04-05 00:00:00-04:00,1.1799999475479126,1.2699999809265137,1.149999976158142,1.2300000190734863,61400,0.0,0.0
2023-04-06 00:00:00-04:00,1.190000057220459,1.2100000381469727,1.1100000143051147,1.1399999856948853,67100,0.0,0.0
2023-04-10 00:00:00-04:00,1.1299999952316284,1.2300000190734863,1.1100000143051147,1.2100000381469727,55000,0.0,0.0
2023-04-11 00:00:00-04:00,1.2000000476837158,1.2200000286102295,1.1699999570846558,1.1699999570846558,31400,0.0,0.0
2023-04-12 00:00:00-04:00,1.1699999570846558,1.2300000190734863,1.1299999952316284,1.1399999856948853,19500,0.0,0.0
2023-04-13 00:00:00-04:00,1.1200000047683716,1.2000000476837158,1.1100000143051147,1.159999966621399,20800,0.0,0.0
2023-04-14 00:00:00-04:00,1.1399999856948853,1.1799999475479126,1.1100000143051147,1.149999976158142,31600,0.0,0.0
2023-04-17 00:00:00-04:00,1.1799999475479126,1.1799999475479126,1.1100000143051147,1.1299999952316284,43600,0.0,0.0
2023-04-18 00:00:00-04:00,1.1299999952316284,1.1699999570846558,1.090000033378601,1.149999976158142,51600,0.0,0.0
2023-04-19 00:00:00-04:00,1.1399999856948853,1.159999966621399,1.090000033378601,1.1200000047683716,42400,0.0,0.0
2023-04-20 00:00:00-04:00,1.0499999523162842,1.1200000047683716,1.0499999523162842,1.0700000524520874,58700,0.0,0.0
2023-04-21 00:00:00-04:00,1.0499999523162842,1.149999976158142,1.0499999523162842,1.149999976158142,10600,0.0,0.0
2023-04-24 00:00:00-04:00,1.1100000143051147,1.1299999952316284,1.0800000429153442,1.100000023841858,17400,0.0,0.0
2023-04-25 00:00:00-04:00,1.0800000429153442,1.1299999952316284,1.0700000524520874,1.0700000524520874,25100,0.0,0.0
2023-04-26 00:00:00-04:00,1.1100000143051147,1.190000057220459,1.1100000143051147,1.1200000047683716,38300,0.0,0.0
2023-04-27 00:00:00-04:00,1.159999966621399,1.159999966621399,1.100000023841858,1.1399999856948853,6600,0.0,0.0
2023-04-28 00:00:00-04:00,1.1399999856948853,1.1399999856948853,1.100000023841858,1.100000023841858,2400,0.0,0.0
2023-05-01 00:00:00-04:00,1.0700000524520874,1.1100000143051147,1.059999942779541,1.0700000524520874,24000,0.0,0.0
2023-05-02 00:00:00-04:00,1.059999942779541,1.0700000524520874,0.9900000095367432,1.0299999713897705,74600,0.0,0.0
2023-05-03 00:00:00-04:00,1.0099999904632568,1.0800000429153442,1.0,1.059999942779541,34700,0.0,0.0
2023-05-04 00:00:00-04:00,1.0399999618530273,1.0700000524520874,0.9800000190734863,1.0099999904632568,27900,0.0,0.0
2023-05-05 00:00:00-04:00,1.0399999618530273,1.0800000429153442,0.9800000190734863,1.0800000429153442,92100,0.0,0.0
2023-05-08 00:00:00-04:00,1.0499999523162842,1.090000033378601,1.0499999523162842,1.059999942779541,9400,0.0,0.0
2023-05-09 00:00:00-04:00,1.0700000524520874,1.0700000524520874,1.0299999713897705,1.0700000524520874,8500,0.0,0.0
2023-05-10 00:00:00-04:00,1.0700000524520874,1.159999966621399,1.0700000524520874,1.090000033378601,114500,0.0,0.0
2023-05-11 00:00:00-04:00,1.090000033378601,1.149999976158142,1.0199999809265137,1.0800000429153442,39500,0.0,0.0
2023-05-12 00:00:00-04:00,1.0199999809265137,1.100000023841858,1.0199999809265137,1.0499999523162842,13800,0.0,0.0
2023-05-15 00:00:00-04:00,1.0199999809265137,1.1200000047683716,1.0199999809265137,1.0700000524520874,10300,0.0,0.0
2023-05-16 00:00:00-04:00,1.0399999618530273,1.1100000143051147,1.0399999618530273,1.0800000429153442,2200,0.0,0.0
2023-05-17 00:00:00-04:00,1.1200000047683716,1.149999976158142,1.0700000524520874,1.149999976158142,18000,0.0,0.0
2023-05-18 00:00:00-04:00,1.100000023841858,1.1399999856948853,1.090000033378601,1.1200000047683716,13500,0.0,0.0
2023-05-19 00:00:00-04:00,1.1399999856948853,1.1799999475479126,1.1100000143051147,1.1299999952316284,34600,0.0,0.0
2023-05-22 00:00:00-04:00,1.100000023841858,1.190000057220459,1.100000023841858,1.1399999856948853,39900,0.0,0.0
2023-05-23 00:00:00-04:00,1.1799999475479126,1.2400000095367432,1.1799999475479126,1.2300000190734863,26200,0.0,0.0
